DateKey	CenturyKey	YearKey	SemesterKey	TrimesterKey	QuarterKey	MonthKey	ISOWeekKey	Date	Century	Year	Semester	Trimester	Quarter	Month	ISOWeek	DateNumber	CenturyNumber	YearNumber	SemesterNumber	TrimesterNumber	QuarterNumber	MonthNumber	ISOWeekNumber	DayOfYearNumber	DayOfMonthNumber	DayOfWeekMonthOccurrenceNumber	DayOfWeekNumber	UnixTimestamp	DateShortName	DateLongName	DateMilitary	CenturyName	YearName	SemesterName	TrimesterName	QuarterName	MonthName	DayOfYearName	DayOfMonthName	DayOfWeekMonthOccurrenceName	DayOfWeekName	SemesterAbbreviated	TrimesterAbbreviated	QuarterAbbreviated	MonthAbbreviation	DayOfWeekMonthOccurrenceAbbreviated	DayOfWeekAbbreviated	YearSemesterAbbreviated	YearTrimesterAbbreviated	YearQuarterAbbreviated	YearMonthAbbreviation	YearDayOfYearAbbreviated	YearSemesterName	YearTrimesterName	YearQuarterName	YearMonthName	ISOWeekName	ISOWeekDay	WeekSegmentName
1130101	1010101	1130101	1130101	1130101	1130101	1130101	1121226	0113-01-01	0101-01-01	0113-01-01	0113-01-01	0113-01-01	0113-01-01	0113-01-01	0112-12-26	1130101	2	113	1	1	1	1	52	1	1	1	7	-58601232000	0113-01-01	January 1st, 0113	01 JAN 0113	Second	0113-01-01	First	First	First	January	001	1st	First Sunday	Sunday	S1	T1	Q1	Jan	1st Sun	Sun	0113-S1	0113-T1	0113-Q1	0113-01 (Jan)	0113-001	0113-First Semester	0113-First Trimester	0113-First Quarter	0113-01 (January)	0112-W52	0112-W-7	Weekend
1130201	1010101	1130101	1130101	1130101	1130101	1130201	1130130	0113-02-01	0101-01-01	0113-01-01	0113-01-01	0113-01-01	0113-01-01	0113-02-01	0113-01-30	1130201	2	113	1	1	1	2	5	32	1	1	3	-58598553600	0113-02-01	February 1st, 0113	01 FEB 0113	Second	0113-01-01	First	First	First	February	032	1st	First Wednesday	Wednesday	S1	T1	Q1	Feb	1st Wed	Wed	0113-S1	0113-T1	0113-Q1	0113-02 (Feb)	0113-032	0113-First Semester	0113-First Trimester	0113-First Quarter	0113-02 (February)	0113-W05	0113-W-3	Weekday
1130301	1010101	1130101	1130101	1130101	1130101	1130301	1130227	0113-03-01	0101-01-01	0113-01-01	0113-01-01	0113-01-01	0113-01-01	0113-03-01	0113-02-27	1130301	2	113	1	1	1	3	9	60	1	1	3	-58596134400	0113-03-01	March 1st, 0113	01 MAR 0113	Second	0113-01-01	First	First	First	March	060	1st	First Wednesday	Wednesday	S1	T1	Q1	Mar	1st Wed	Wed	0113-S1	0113-T1	0113-Q1	0113-03 (Mar)	0113-060	0113-First Semester	0113-First Trimester	0113-First Quarter	0113-03 (March)	0113-W09	0113-W-3	Weekday
1130401	1010101	1130101	1130101	1130101	1130401	1130401	1130327	0113-04-01	0101-01-01	0113-01-01	0113-01-01	0113-01-01	0113-04-01	0113-04-01	0113-03-27	1130401	2	113	1	1	2	4	13	91	1	1	6	-58593456000	0113-04-01	April 1st, 0113	01 APR 0113	Second	0113-01-01	First	First	Second	April	091	1st	First Saturday	Saturday	S1	T1	Q2	Apr	1st Sat	Sat	0113-S1	0113-T1	0113-Q2	0113-04 (Apr)	0113-091	0113-First Semester	0113-First Trimester	0113-Second Quarter	0113-04 (April)	0113-W13	0113-W-6	Weekend
1130501	1010101	1130101	1130101	1130501	1130401	1130501	1130501	0113-05-01	0101-01-01	0113-01-01	0113-01-01	0113-05-01	0113-04-01	0113-05-01	0113-05-01	1130501	2	113	1	2	2	5	18	121	1	1	1	-58590864000	0113-05-01	May 1st, 0113	01 MAY 0113	Second	0113-01-01	First	Second	Second	May	121	1st	First Monday	Monday	S1	T1	Q2	May	1st Mon	Mon	0113-S1	0113-T1	0113-Q2	0113-05 (May)	0113-121	0113-First Semester	0113-Second Trimester	0113-Second Quarter	0113-05 (May)	0113-W18	0113-W-1	Weekday
1130601	1010101	1130101	1130101	1130501	1130401	1130601	1130529	0113-06-01	0101-01-01	0113-01-01	0113-01-01	0113-05-01	0113-04-01	0113-06-01	0113-05-29	1130601	2	113	1	2	2	6	22	152	1	1	4	-58588185600	0113-06-01	June 1st, 0113	01 JUN 0113	Second	0113-01-01	First	Second	Second	June	152	1st	First Thursday	Thursday	S1	T1	Q2	Jun	1st Thu	Thu	0113-S1	0113-T1	0113-Q2	0113-06 (Jun)	0113-152	0113-First Semester	0113-Second Trimester	0113-Second Quarter	0113-06 (June)	0113-W22	0113-W-4	Weekday
1130701	1010101	1130101	1130701	1130501	1130601	1130701	1130626	0113-07-01	0101-01-01	0113-01-01	0113-07-01	0113-05-01	0113-06-01	0113-07-01	0113-06-26	1130701	2	113	2	2	3	7	26	182	1	1	6	-58585593600	0113-07-01	July 1st, 0113	01 JUL 0113	Second	0113-01-01	Second	Second	Third	July	182	1st	First Saturday	Saturday	S2	T2	Q3	Jul	1st Sat	Sat	0113-S2	0113-T2	0113-Q3	0113-07 (Jul)	0113-182	0113-Second Semester	0113-Second Trimester	0113-Third Quarter	0113-07 (July)	0113-W26	0113-W-6	Weekend
1130801	1010101	1130101	1130701	1130501	1130601	1130801	1130731	0113-08-01	0101-01-01	0113-01-01	0113-07-01	0113-05-01	0113-06-01	0113-08-01	0113-07-31	1130801	2	113	2	2	3	8	31	213	1	1	2	-58582915200	0113-08-01	August 1st, 0113	01 AUG 0113	Second	0113-01-01	Second	Second	Third	August	213	1st	First Tuesday	Tuesday	S2	T2	Q3	Aug	1st Tue	Tue	0113-S2	0113-T2	0113-Q3	0113-08 (Aug)	0113-213	0113-Second Semester	0113-Second Trimester	0113-Third Quarter	0113-08 (August)	0113-W31	0113-W-2	Weekday
1130901	1010101	1130101	1130701	1130901	1130601	1130901	1130828	0113-09-01	0101-01-01	0113-01-01	0113-07-01	0113-09-01	0113-06-01	0113-09-01	0113-08-28	1130901	2	113	2	3	3	9	35	244	1	1	5	-58580236800	0113-09-01	September 1st, 0113	01 SEP 0113	Second	0113-01-01	Second	Third	Third	September	244	1st	First Friday	Friday	S2	T2	Q3	Sep	1st Fri	Fri	0113-S2	0113-T2	0113-Q3	0113-09 (Sep)	0113-244	0113-Second Semester	0113-Third Trimester	0113-Third Quarter	0113-09 (September)	0113-W35	0113-W-5	Weekday
1131001	1010101	1130101	1130701	1130901	1131001	1131001	1130925	0113-10-01	0101-01-01	0113-01-01	0113-07-01	0113-09-01	0113-10-01	0113-10-01	0113-09-25	1131001	2	113	2	3	4	10	39	274	1	1	7	-58577644800	0113-10-01	October 1st, 0113	01 OCT 0113	Second	0113-01-01	Second	Third	Forth	October	274	1st	First Sunday	Sunday	S2	T2	Q4	Oct	1st Sun	Sun	0113-S2	0113-T2	0113-Q4	0113-10 (Oct)	0113-274	0113-Second Semester	0113-Third Trimester	0113-Forth Quarter	0113-10 (October)	0113-W39	0113-W-7	Weekend
1131101	1010101	1130101	1130701	1130901	1131001	1131101	1131030	0113-11-01	0101-01-01	0113-01-01	0113-07-01	0113-09-01	0113-10-01	0113-11-01	0113-10-30	1131101	2	113	2	3	4	11	44	305	1	1	3	-58574966400	0113-11-01	November 1st, 0113	01 NOV 0113	Second	0113-01-01	Second	Third	Forth	November	305	1st	First Wednesday	Wednesday	S2	T2	Q4	Nov	1st Wed	Wed	0113-S2	0113-T2	0113-Q4	0113-11 (Nov)	0113-305	0113-Second Semester	0113-Third Trimester	0113-Forth Quarter	0113-11 (November)	0113-W44	0113-W-3	Weekday
1131201	1010101	1130101	1130701	1130901	1131001	1131201	1131127	0113-12-01	0101-01-01	0113-01-01	0113-07-01	0113-09-01	0113-10-01	0113-12-01	0113-11-27	1131201	2	113	2	3	4	12	48	335	1	1	5	-58572374400	0113-12-01	December 1st, 0113	01 DEC 0113	Second	0113-01-01	Second	Third	Forth	December	335	1st	First Friday	Friday	S2	T2	Q4	Dec	1st Fri	Fri	0113-S2	0113-T2	0113-Q4	0113-12 (Dec)	0113-335	0113-Second Semester	0113-Third Trimester	0113-Forth Quarter	0113-12 (December)	0113-W48	0113-W-5	Weekday
1131202	1010101	1130101	1130701	1130901	1131001	1131201	1131127	0113-12-02	0101-01-01	0113-01-01	0113-07-01	0113-09-01	0113-10-01	0113-12-01	0113-11-27	1131202	2	113	2	3	4	12	48	336	2	1	6	-58572288000	0113-12-02	December 2nd, 0113	02 DEC 0113	Second	0113-01-01	Second	Third	Forth	December	336	2nd	First Saturday	Saturday	S2	T2	Q4	Dec	1st Sat	Sat	0113-S2	0113-T2	0113-Q4	0113-12 (Dec)	0113-336	0113-Second Semester	0113-Third Trimester	0113-Forth Quarter	0113-12 (December)	0113-W48	0113-W-6	Weekend
1131102	1010101	1130101	1130701	1130901	1131001	1131101	1131030	0113-11-02	0101-01-01	0113-01-01	0113-07-01	0113-09-01	0113-10-01	0113-11-01	0113-10-30	1131102	2	113	2	3	4	11	44	306	2	1	4	-58574880000	0113-11-02	November 2nd, 0113	02 NOV 0113	Second	0113-01-01	Second	Third	Forth	November	306	2nd	First Thursday	Thursday	S2	T2	Q4	Nov	1st Thu	Thu	0113-S2	0113-T2	0113-Q4	0113-11 (Nov)	0113-306	0113-Second Semester	0113-Third Trimester	0113-Forth Quarter	0113-11 (November)	0113-W44	0113-W-4	Weekday
1131002	1010101	1130101	1130701	1130901	1131001	1131001	1131002	0113-10-02	0101-01-01	0113-01-01	0113-07-01	0113-09-01	0113-10-01	0113-10-01	0113-10-02	1131002	2	113	2	3	4	10	40	275	2	1	1	-58577558400	0113-10-02	October 2nd, 0113	02 OCT 0113	Second	0113-01-01	Second	Third	Forth	October	275	2nd	First Monday	Monday	S2	T2	Q4	Oct	1st Mon	Mon	0113-S2	0113-T2	0113-Q4	0113-10 (Oct)	0113-275	0113-Second Semester	0113-Third Trimester	0113-Forth Quarter	0113-10 (October)	0113-W40	0113-W-1	Weekday
1130902	1010101	1130101	1130701	1130901	1130601	1130901	1130828	0113-09-02	0101-01-01	0113-01-01	0113-07-01	0113-09-01	0113-06-01	0113-09-01	0113-08-28	1130902	2	113	2	3	3	9	35	245	2	1	6	-58580150400	0113-09-02	September 2nd, 0113	02 SEP 0113	Second	0113-01-01	Second	Third	Third	September	245	2nd	First Saturday	Saturday	S2	T2	Q3	Sep	1st Sat	Sat	0113-S2	0113-T2	0113-Q3	0113-09 (Sep)	0113-245	0113-Second Semester	0113-Third Trimester	0113-Third Quarter	0113-09 (September)	0113-W35	0113-W-6	Weekend
1130802	1010101	1130101	1130701	1130501	1130601	1130801	1130731	0113-08-02	0101-01-01	0113-01-01	0113-07-01	0113-05-01	0113-06-01	0113-08-01	0113-07-31	1130802	2	113	2	2	3	8	31	214	2	1	3	-58582828800	0113-08-02	August 2nd, 0113	02 AUG 0113	Second	0113-01-01	Second	Second	Third	August	214	2nd	First Wednesday	Wednesday	S2	T2	Q3	Aug	1st Wed	Wed	0113-S2	0113-T2	0113-Q3	0113-08 (Aug)	0113-214	0113-Second Semester	0113-Second Trimester	0113-Third Quarter	0113-08 (August)	0113-W31	0113-W-3	Weekday
1130702	1010101	1130101	1130701	1130501	1130601	1130701	1130626	0113-07-02	0101-01-01	0113-01-01	0113-07-01	0113-05-01	0113-06-01	0113-07-01	0113-06-26	1130702	2	113	2	2	3	7	26	183	2	1	7	-58585507200	0113-07-02	July 2nd, 0113	02 JUL 0113	Second	0113-01-01	Second	Second	Third	July	183	2nd	First Sunday	Sunday	S2	T2	Q3	Jul	1st Sun	Sun	0113-S2	0113-T2	0113-Q3	0113-07 (Jul)	0113-183	0113-Second Semester	0113-Second Trimester	0113-Third Quarter	0113-07 (July)	0113-W26	0113-W-7	Weekend
1130602	1010101	1130101	1130101	1130501	1130401	1130601	1130529	0113-06-02	0101-01-01	0113-01-01	0113-01-01	0113-05-01	0113-04-01	0113-06-01	0113-05-29	1130602	2	113	1	2	2	6	22	153	2	1	5	-58588099200	0113-06-02	June 2nd, 0113	02 JUN 0113	Second	0113-01-01	First	Second	Second	June	153	2nd	First Friday	Friday	S1	T1	Q2	Jun	1st Fri	Fri	0113-S1	0113-T1	0113-Q2	0113-06 (Jun)	0113-153	0113-First Semester	0113-Second Trimester	0113-Second Quarter	0113-06 (June)	0113-W22	0113-W-5	Weekday
1130502	1010101	1130101	1130101	1130501	1130401	1130501	1130501	0113-05-02	0101-01-01	0113-01-01	0113-01-01	0113-05-01	0113-04-01	0113-05-01	0113-05-01	1130502	2	113	1	2	2	5	18	122	2	1	2	-58590777600	0113-05-02	May 2nd, 0113	02 MAY 0113	Second	0113-01-01	First	Second	Second	May	122	2nd	First Tuesday	Tuesday	S1	T1	Q2	May	1st Tue	Tue	0113-S1	0113-T1	0113-Q2	0113-05 (May)	0113-122	0113-First Semester	0113-Second Trimester	0113-Second Quarter	0113-05 (May)	0113-W18	0113-W-2	Weekday
1130402	1010101	1130101	1130101	1130101	1130401	1130401	1130327	0113-04-02	0101-01-01	0113-01-01	0113-01-01	0113-01-01	0113-04-01	0113-04-01	0113-03-27	1130402	2	113	1	1	2	4	13	92	2	1	7	-58593369600	0113-04-02	April 2nd, 0113	02 APR 0113	Second	0113-01-01	First	First	Second	April	092	2nd	First Sunday	Sunday	S1	T1	Q2	Apr	1st Sun	Sun	0113-S1	0113-T1	0113-Q2	0113-04 (Apr)	0113-092	0113-First Semester	0113-First Trimester	0113-Second Quarter	0113-04 (April)	0113-W13	0113-W-7	Weekend
1130302	1010101	1130101	1130101	1130101	1130101	1130301	1130227	0113-03-02	0101-01-01	0113-01-01	0113-01-01	0113-01-01	0113-01-01	0113-03-01	0113-02-27	1130302	2	113	1	1	1	3	9	61	2	1	4	-58596048000	0113-03-02	March 2nd, 0113	02 MAR 0113	Second	0113-01-01	First	First	First	March	061	2nd	First Thursday	Thursday	S1	T1	Q1	Mar	1st Thu	Thu	0113-S1	0113-T1	0113-Q1	0113-03 (Mar)	0113-061	0113-First Semester	0113-First Trimester	0113-First Quarter	0113-03 (March)	0113-W09	0113-W-4	Weekday
1130202	1010101	1130101	1130101	1130101	1130101	1130201	1130130	0113-02-02	0101-01-01	0113-01-01	0113-01-01	0113-01-01	0113-01-01	0113-02-01	0113-01-30	1130202	2	113	1	1	1	2	5	33	2	1	4	-58598467200	0113-02-02	February 2nd, 0113	02 FEB 0113	Second	0113-01-01	First	First	First	February	033	2nd	First Thursday	Thursday	S1	T1	Q1	Feb	1st Thu	Thu	0113-S1	0113-T1	0113-Q1	0113-02 (Feb)	0113-033	0113-First Semester	0113-First Trimester	0113-First Quarter	0113-02 (February)	0113-W05	0113-W-4	Weekday
1130102	1010101	1130101	1130101	1130101	1130101	1130101	1130102	0113-01-02	0101-01-01	0113-01-01	0113-01-01	0113-01-01	0113-01-01	0113-01-01	0113-01-02	1130102	2	113	1	1	1	1	1	2	2	1	1	-58601145600	0113-01-02	January 2nd, 0113	02 JAN 0113	Second	0113-01-01	First	First	First	January	002	2nd	First Monday	Monday	S1	T1	Q1	Jan	1st Mon	Mon	0113-S1	0113-T1	0113-Q1	0113-01 (Jan)	0113-002	0113-First Semester	0113-First Trimester	0113-First Quarter	0113-01 (January)	0113-W01	0113-W-1	Weekday
1130103	1010101	1130101	1130101	1130101	1130101	1130101	1130102	0113-01-03	0101-01-01	0113-01-01	0113-01-01	0113-01-01	0113-01-01	0113-01-01	0113-01-02	1130103	2	113	1	1	1	1	1	3	3	1	2	-58601059200	0113-01-03	January 3rd, 0113	03 JAN 0113	Second	0113-01-01	First	First	First	January	003	3rd	First Tuesday	Tuesday	S1	T1	Q1	Jan	1st Tue	Tue	0113-S1	0113-T1	0113-Q1	0113-01 (Jan)	0113-003	0113-First Semester	0113-First Trimester	0113-First Quarter	0113-01 (January)	0113-W01	0113-W-2	Weekday
1130203	1010101	1130101	1130101	1130101	1130101	1130201	1130130	0113-02-03	0101-01-01	0113-01-01	0113-01-01	0113-01-01	0113-01-01	0113-02-01	0113-01-30	1130203	2	113	1	1	1	2	5	34	3	1	5	-58598380800	0113-02-03	February 3rd, 0113	03 FEB 0113	Second	0113-01-01	First	First	First	February	034	3rd	First Friday	Friday	S1	T1	Q1	Feb	1st Fri	Fri	0113-S1	0113-T1	0113-Q1	0113-02 (Feb)	0113-034	0113-First Semester	0113-First Trimester	0113-First Quarter	0113-02 (February)	0113-W05	0113-W-5	Weekday
1130303	1010101	1130101	1130101	1130101	1130101	1130301	1130227	0113-03-03	0101-01-01	0113-01-01	0113-01-01	0113-01-01	0113-01-01	0113-03-01	0113-02-27	1130303	2	113	1	1	1	3	9	62	3	1	5	-58595961600	0113-03-03	March 3rd, 0113	03 MAR 0113	Second	0113-01-01	First	First	First	March	062	3rd	First Friday	Friday	S1	T1	Q1	Mar	1st Fri	Fri	0113-S1	0113-T1	0113-Q1	0113-03 (Mar)	0113-062	0113-First Semester	0113-First Trimester	0113-First Quarter	0113-03 (March)	0113-W09	0113-W-5	Weekday
1130403	1010101	1130101	1130101	1130101	1130401	1130401	1130403	0113-04-03	0101-01-01	0113-01-01	0113-01-01	0113-01-01	0113-04-01	0113-04-01	0113-04-03	1130403	2	113	1	1	2	4	14	93	3	1	1	-58593283200	0113-04-03	April 3rd, 0113	03 APR 0113	Second	0113-01-01	First	First	Second	April	093	3rd	First Monday	Monday	S1	T1	Q2	Apr	1st Mon	Mon	0113-S1	0113-T1	0113-Q2	0113-04 (Apr)	0113-093	0113-First Semester	0113-First Trimester	0113-Second Quarter	0113-04 (April)	0113-W14	0113-W-1	Weekday
1130503	1010101	1130101	1130101	1130501	1130401	1130501	1130501	0113-05-03	0101-01-01	0113-01-01	0113-01-01	0113-05-01	0113-04-01	0113-05-01	0113-05-01	1130503	2	113	1	2	2	5	18	123	3	1	3	-58590691200	0113-05-03	May 3rd, 0113	03 MAY 0113	Second	0113-01-01	First	Second	Second	May	123	3rd	First Wednesday	Wednesday	S1	T1	Q2	May	1st Wed	Wed	0113-S1	0113-T1	0113-Q2	0113-05 (May)	0113-123	0113-First Semester	0113-Second Trimester	0113-Second Quarter	0113-05 (May)	0113-W18	0113-W-3	Weekday
1130603	1010101	1130101	1130101	1130501	1130401	1130601	1130529	0113-06-03	0101-01-01	0113-01-01	0113-01-01	0113-05-01	0113-04-01	0113-06-01	0113-05-29	1130603	2	113	1	2	2	6	22	154	3	1	6	-58588012800	0113-06-03	June 3rd, 0113	03 JUN 0113	Second	0113-01-01	First	Second	Second	June	154	3rd	First Saturday	Saturday	S1	T1	Q2	Jun	1st Sat	Sat	0113-S1	0113-T1	0113-Q2	0113-06 (Jun)	0113-154	0113-First Semester	0113-Second Trimester	0113-Second Quarter	0113-06 (June)	0113-W22	0113-W-6	Weekend
1130703	1010101	1130101	1130701	1130501	1130601	1130701	1130703	0113-07-03	0101-01-01	0113-01-01	0113-07-01	0113-05-01	0113-06-01	0113-07-01	0113-07-03	1130703	2	113	2	2	3	7	27	184	3	1	1	-58585420800	0113-07-03	July 3rd, 0113	03 JUL 0113	Second	0113-01-01	Second	Second	Third	July	184	3rd	First Monday	Monday	S2	T2	Q3	Jul	1st Mon	Mon	0113-S2	0113-T2	0113-Q3	0113-07 (Jul)	0113-184	0113-Second Semester	0113-Second Trimester	0113-Third Quarter	0113-07 (July)	0113-W27	0113-W-1	Weekday
1130803	1010101	1130101	1130701	1130501	1130601	1130801	1130731	0113-08-03	0101-01-01	0113-01-01	0113-07-01	0113-05-01	0113-06-01	0113-08-01	0113-07-31	1130803	2	113	2	2	3	8	31	215	3	1	4	-58582742400	0113-08-03	August 3rd, 0113	03 AUG 0113	Second	0113-01-01	Second	Second	Third	August	215	3rd	First Thursday	Thursday	S2	T2	Q3	Aug	1st Thu	Thu	0113-S2	0113-T2	0113-Q3	0113-08 (Aug)	0113-215	0113-Second Semester	0113-Second Trimester	0113-Third Quarter	0113-08 (August)	0113-W31	0113-W-4	Weekday
1130903	1010101	1130101	1130701	1130901	1130601	1130901	1130828	0113-09-03	0101-01-01	0113-01-01	0113-07-01	0113-09-01	0113-06-01	0113-09-01	0113-08-28	1130903	2	113	2	3	3	9	35	246	3	1	7	-58580064000	0113-09-03	September 3rd, 0113	03 SEP 0113	Second	0113-01-01	Second	Third	Third	September	246	3rd	First Sunday	Sunday	S2	T2	Q3	Sep	1st Sun	Sun	0113-S2	0113-T2	0113-Q3	0113-09 (Sep)	0113-246	0113-Second Semester	0113-Third Trimester	0113-Third Quarter	0113-09 (September)	0113-W35	0113-W-7	Weekend
1131003	1010101	1130101	1130701	1130901	1131001	1131001	1131002	0113-10-03	0101-01-01	0113-01-01	0113-07-01	0113-09-01	0113-10-01	0113-10-01	0113-10-02	1131003	2	113	2	3	4	10	40	276	3	1	2	-58577472000	0113-10-03	October 3rd, 0113	03 OCT 0113	Second	0113-01-01	Second	Third	Forth	October	276	3rd	First Tuesday	Tuesday	S2	T2	Q4	Oct	1st Tue	Tue	0113-S2	0113-T2	0113-Q4	0113-10 (Oct)	0113-276	0113-Second Semester	0113-Third Trimester	0113-Forth Quarter	0113-10 (October)	0113-W40	0113-W-2	Weekday
1131103	1010101	1130101	1130701	1130901	1131001	1131101	1131030	0113-11-03	0101-01-01	0113-01-01	0113-07-01	0113-09-01	0113-10-01	0113-11-01	0113-10-30	1131103	2	113	2	3	4	11	44	307	3	1	5	-58574793600	0113-11-03	November 3rd, 0113	03 NOV 0113	Second	0113-01-01	Second	Third	Forth	November	307	3rd	First Friday	Friday	S2	T2	Q4	Nov	1st Fri	Fri	0113-S2	0113-T2	0113-Q4	0113-11 (Nov)	0113-307	0113-Second Semester	0113-Third Trimester	0113-Forth Quarter	0113-11 (November)	0113-W44	0113-W-5	Weekday
1131203	1010101	1130101	1130701	1130901	1131001	1131201	1131127	0113-12-03	0101-01-01	0113-01-01	0113-07-01	0113-09-01	0113-10-01	0113-12-01	0113-11-27	1131203	2	113	2	3	4	12	48	337	3	1	7	-58572201600	0113-12-03	December 3rd, 0113	03 DEC 0113	Second	0113-01-01	Second	Third	Forth	December	337	3rd	First Sunday	Sunday	S2	T2	Q4	Dec	1st Sun	Sun	0113-S2	0113-T2	0113-Q4	0113-12 (Dec)	0113-337	0113-Second Semester	0113-Third Trimester	0113-Forth Quarter	0113-12 (December)	0113-W48	0113-W-7	Weekend
1131204	1010101	1130101	1130701	1130901	1131001	1131201	1131204	0113-12-04	0101-01-01	0113-01-01	0113-07-01	0113-09-01	0113-10-01	0113-12-01	0113-12-04	1131204	2	113	2	3	4	12	49	338	4	1	1	-58572115200	0113-12-04	December 4th, 0113	04 DEC 0113	Second	0113-01-01	Second	Third	Forth	December	338	4th	First Monday	Monday	S2	T2	Q4	Dec	1st Mon	Mon	0113-S2	0113-T2	0113-Q4	0113-12 (Dec)	0113-338	0113-Second Semester	0113-Third Trimester	0113-Forth Quarter	0113-12 (December)	0113-W49	0113-W-1	Weekday
1131104	1010101	1130101	1130701	1130901	1131001	1131101	1131030	0113-11-04	0101-01-01	0113-01-01	0113-07-01	0113-09-01	0113-10-01	0113-11-01	0113-10-30	1131104	2	113	2	3	4	11	44	308	4	1	6	-58574707200	0113-11-04	November 4th, 0113	04 NOV 0113	Second	0113-01-01	Second	Third	Forth	November	308	4th	First Saturday	Saturday	S2	T2	Q4	Nov	1st Sat	Sat	0113-S2	0113-T2	0113-Q4	0113-11 (Nov)	0113-308	0113-Second Semester	0113-Third Trimester	0113-Forth Quarter	0113-11 (November)	0113-W44	0113-W-6	Weekend
1131004	1010101	1130101	1130701	1130901	1131001	1131001	1131002	0113-10-04	0101-01-01	0113-01-01	0113-07-01	0113-09-01	0113-10-01	0113-10-01	0113-10-02	1131004	2	113	2	3	4	10	40	277	4	1	3	-58577385600	0113-10-04	October 4th, 0113	04 OCT 0113	Second	0113-01-01	Second	Third	Forth	October	277	4th	First Wednesday	Wednesday	S2	T2	Q4	Oct	1st Wed	Wed	0113-S2	0113-T2	0113-Q4	0113-10 (Oct)	0113-277	0113-Second Semester	0113-Third Trimester	0113-Forth Quarter	0113-10 (October)	0113-W40	0113-W-3	Weekday
1130904	1010101	1130101	1130701	1130901	1130601	1130901	1130904	0113-09-04	0101-01-01	0113-01-01	0113-07-01	0113-09-01	0113-06-01	0113-09-01	0113-09-04	1130904	2	113	2	3	3	9	36	247	4	1	1	-58579977600	0113-09-04	September 4th, 0113	04 SEP 0113	Second	0113-01-01	Second	Third	Third	September	247	4th	First Monday	Monday	S2	T2	Q3	Sep	1st Mon	Mon	0113-S2	0113-T2	0113-Q3	0113-09 (Sep)	0113-247	0113-Second Semester	0113-Third Trimester	0113-Third Quarter	0113-09 (September)	0113-W36	0113-W-1	Weekday
1130804	1010101	1130101	1130701	1130501	1130601	1130801	1130731	0113-08-04	0101-01-01	0113-01-01	0113-07-01	0113-05-01	0113-06-01	0113-08-01	0113-07-31	1130804	2	113	2	2	3	8	31	216	4	1	5	-58582656000	0113-08-04	August 4th, 0113	04 AUG 0113	Second	0113-01-01	Second	Second	Third	August	216	4th	First Friday	Friday	S2	T2	Q3	Aug	1st Fri	Fri	0113-S2	0113-T2	0113-Q3	0113-08 (Aug)	0113-216	0113-Second Semester	0113-Second Trimester	0113-Third Quarter	0113-08 (August)	0113-W31	0113-W-5	Weekday
1130704	1010101	1130101	1130701	1130501	1130601	1130701	1130703	0113-07-04	0101-01-01	0113-01-01	0113-07-01	0113-05-01	0113-06-01	0113-07-01	0113-07-03	1130704	2	113	2	2	3	7	27	185	4	1	2	-58585334400	0113-07-04	July 4th, 0113	04 JUL 0113	Second	0113-01-01	Second	Second	Third	July	185	4th	First Tuesday	Tuesday	S2	T2	Q3	Jul	1st Tue	Tue	0113-S2	0113-T2	0113-Q3	0113-07 (Jul)	0113-185	0113-Second Semester	0113-Second Trimester	0113-Third Quarter	0113-07 (July)	0113-W27	0113-W-2	Weekday
1130604	1010101	1130101	1130101	1130501	1130401	1130601	1130529	0113-06-04	0101-01-01	0113-01-01	0113-01-01	0113-05-01	0113-04-01	0113-06-01	0113-05-29	1130604	2	113	1	2	2	6	22	155	4	1	7	-58587926400	0113-06-04	June 4th, 0113	04 JUN 0113	Second	0113-01-01	First	Second	Second	June	155	4th	First Sunday	Sunday	S1	T1	Q2	Jun	1st Sun	Sun	0113-S1	0113-T1	0113-Q2	0113-06 (Jun)	0113-155	0113-First Semester	0113-Second Trimester	0113-Second Quarter	0113-06 (June)	0113-W22	0113-W-7	Weekend
1130504	1010101	1130101	1130101	1130501	1130401	1130501	1130501	0113-05-04	0101-01-01	0113-01-01	0113-01-01	0113-05-01	0113-04-01	0113-05-01	0113-05-01	1130504	2	113	1	2	2	5	18	124	4	1	4	-58590604800	0113-05-04	May 4th, 0113	04 MAY 0113	Second	0113-01-01	First	Second	Second	May	124	4th	First Thursday	Thursday	S1	T1	Q2	May	1st Thu	Thu	0113-S1	0113-T1	0113-Q2	0113-05 (May)	0113-124	0113-First Semester	0113-Second Trimester	0113-Second Quarter	0113-05 (May)	0113-W18	0113-W-4	Weekday
1130404	1010101	1130101	1130101	1130101	1130401	1130401	1130403	0113-04-04	0101-01-01	0113-01-01	0113-01-01	0113-01-01	0113-04-01	0113-04-01	0113-04-03	1130404	2	113	1	1	2	4	14	94	4	1	2	-58593196800	0113-04-04	April 4th, 0113	04 APR 0113	Second	0113-01-01	First	First	Second	April	094	4th	First Tuesday	Tuesday	S1	T1	Q2	Apr	1st Tue	Tue	0113-S1	0113-T1	0113-Q2	0113-04 (Apr)	0113-094	0113-First Semester	0113-First Trimester	0113-Second Quarter	0113-04 (April)	0113-W14	0113-W-2	Weekday
1130304	1010101	1130101	1130101	1130101	1130101	1130301	1130227	0113-03-04	0101-01-01	0113-01-01	0113-01-01	0113-01-01	0113-01-01	0113-03-01	0113-02-27	1130304	2	113	1	1	1	3	9	63	4	1	6	-58595875200	0113-03-04	March 4th, 0113	04 MAR 0113	Second	0113-01-01	First	First	First	March	063	4th	First Saturday	Saturday	S1	T1	Q1	Mar	1st Sat	Sat	0113-S1	0113-T1	0113-Q1	0113-03 (Mar)	0113-063	0113-First Semester	0113-First Trimester	0113-First Quarter	0113-03 (March)	0113-W09	0113-W-6	Weekend
1130204	1010101	1130101	1130101	1130101	1130101	1130201	1130130	0113-02-04	0101-01-01	0113-01-01	0113-01-01	0113-01-01	0113-01-01	0113-02-01	0113-01-30	1130204	2	113	1	1	1	2	5	35	4	1	6	-58598294400	0113-02-04	February 4th, 0113	04 FEB 0113	Second	0113-01-01	First	First	First	February	035	4th	First Saturday	Saturday	S1	T1	Q1	Feb	1st Sat	Sat	0113-S1	0113-T1	0113-Q1	0113-02 (Feb)	0113-035	0113-First Semester	0113-First Trimester	0113-First Quarter	0113-02 (February)	0113-W05	0113-W-6	Weekend
1130104	1010101	1130101	1130101	1130101	1130101	1130101	1130102	0113-01-04	0101-01-01	0113-01-01	0113-01-01	0113-01-01	0113-01-01	0113-01-01	0113-01-02	1130104	2	113	1	1	1	1	1	4	4	1	3	-58600972800	0113-01-04	January 4th, 0113	04 JAN 0113	Second	0113-01-01	First	First	First	January	004	4th	First Wednesday	Wednesday	S1	T1	Q1	Jan	1st Wed	Wed	0113-S1	0113-T1	0113-Q1	0113-01 (Jan)	0113-004	0113-First Semester	0113-First Trimester	0113-First Quarter	0113-01 (January)	0113-W01	0113-W-3	Weekday
1130105	1010101	1130101	1130101	1130101	1130101	1130101	1130102	0113-01-05	0101-01-01	0113-01-01	0113-01-01	0113-01-01	0113-01-01	0113-01-01	0113-01-02	1130105	2	113	1	1	1	1	1	5	5	1	4	-58600886400	0113-01-05	January 5th, 0113	05 JAN 0113	Second	0113-01-01	First	First	First	January	005	5th	First Thursday	Thursday	S1	T1	Q1	Jan	1st Thu	Thu	0113-S1	0113-T1	0113-Q1	0113-01 (Jan)	0113-005	0113-First Semester	0113-First Trimester	0113-First Quarter	0113-01 (January)	0113-W01	0113-W-4	Weekday
1130205	1010101	1130101	1130101	1130101	1130101	1130201	1130130	0113-02-05	0101-01-01	0113-01-01	0113-01-01	0113-01-01	0113-01-01	0113-02-01	0113-01-30	1130205	2	113	1	1	1	2	5	36	5	1	7	-58598208000	0113-02-05	February 5th, 0113	05 FEB 0113	Second	0113-01-01	First	First	First	February	036	5th	First Sunday	Sunday	S1	T1	Q1	Feb	1st Sun	Sun	0113-S1	0113-T1	0113-Q1	0113-02 (Feb)	0113-036	0113-First Semester	0113-First Trimester	0113-First Quarter	0113-02 (February)	0113-W05	0113-W-7	Weekend
1130305	1010101	1130101	1130101	1130101	1130101	1130301	1130227	0113-03-05	0101-01-01	0113-01-01	0113-01-01	0113-01-01	0113-01-01	0113-03-01	0113-02-27	1130305	2	113	1	1	1	3	9	64	5	1	7	-58595788800	0113-03-05	March 5th, 0113	05 MAR 0113	Second	0113-01-01	First	First	First	March	064	5th	First Sunday	Sunday	S1	T1	Q1	Mar	1st Sun	Sun	0113-S1	0113-T1	0113-Q1	0113-03 (Mar)	0113-064	0113-First Semester	0113-First Trimester	0113-First Quarter	0113-03 (March)	0113-W09	0113-W-7	Weekend
1130405	1010101	1130101	1130101	1130101	1130401	1130401	1130403	0113-04-05	0101-01-01	0113-01-01	0113-01-01	0113-01-01	0113-04-01	0113-04-01	0113-04-03	1130405	2	113	1	1	2	4	14	95	5	1	3	-58593110400	0113-04-05	April 5th, 0113	05 APR 0113	Second	0113-01-01	First	First	Second	April	095	5th	First Wednesday	Wednesday	S1	T1	Q2	Apr	1st Wed	Wed	0113-S1	0113-T1	0113-Q2	0113-04 (Apr)	0113-095	0113-First Semester	0113-First Trimester	0113-Second Quarter	0113-04 (April)	0113-W14	0113-W-3	Weekday
1130505	1010101	1130101	1130101	1130501	1130401	1130501	1130501	0113-05-05	0101-01-01	0113-01-01	0113-01-01	0113-05-01	0113-04-01	0113-05-01	0113-05-01	1130505	2	113	1	2	2	5	18	125	5	1	5	-58590518400	0113-05-05	May 5th, 0113	05 MAY 0113	Second	0113-01-01	First	Second	Second	May	125	5th	First Friday	Friday	S1	T1	Q2	May	1st Fri	Fri	0113-S1	0113-T1	0113-Q2	0113-05 (May)	0113-125	0113-First Semester	0113-Second Trimester	0113-Second Quarter	0113-05 (May)	0113-W18	0113-W-5	Weekday
1130605	1010101	1130101	1130101	1130501	1130401	1130601	1130605	0113-06-05	0101-01-01	0113-01-01	0113-01-01	0113-05-01	0113-04-01	0113-06-01	0113-06-05	1130605	2	113	1	2	2	6	23	156	5	1	1	-58587840000	0113-06-05	June 5th, 0113	05 JUN 0113	Second	0113-01-01	First	Second	Second	June	156	5th	First Monday	Monday	S1	T1	Q2	Jun	1st Mon	Mon	0113-S1	0113-T1	0113-Q2	0113-06 (Jun)	0113-156	0113-First Semester	0113-Second Trimester	0113-Second Quarter	0113-06 (June)	0113-W23	0113-W-1	Weekday
1130705	1010101	1130101	1130701	1130501	1130601	1130701	1130703	0113-07-05	0101-01-01	0113-01-01	0113-07-01	0113-05-01	0113-06-01	0113-07-01	0113-07-03	1130705	2	113	2	2	3	7	27	186	5	1	3	-58585248000	0113-07-05	July 5th, 0113	05 JUL 0113	Second	0113-01-01	Second	Second	Third	July	186	5th	First Wednesday	Wednesday	S2	T2	Q3	Jul	1st Wed	Wed	0113-S2	0113-T2	0113-Q3	0113-07 (Jul)	0113-186	0113-Second Semester	0113-Second Trimester	0113-Third Quarter	0113-07 (July)	0113-W27	0113-W-3	Weekday
1130805	1010101	1130101	1130701	1130501	1130601	1130801	1130731	0113-08-05	0101-01-01	0113-01-01	0113-07-01	0113-05-01	0113-06-01	0113-08-01	0113-07-31	1130805	2	113	2	2	3	8	31	217	5	1	6	-58582569600	0113-08-05	August 5th, 0113	05 AUG 0113	Second	0113-01-01	Second	Second	Third	August	217	5th	First Saturday	Saturday	S2	T2	Q3	Aug	1st Sat	Sat	0113-S2	0113-T2	0113-Q3	0113-08 (Aug)	0113-217	0113-Second Semester	0113-Second Trimester	0113-Third Quarter	0113-08 (August)	0113-W31	0113-W-6	Weekend
1130905	1010101	1130101	1130701	1130901	1130601	1130901	1130904	0113-09-05	0101-01-01	0113-01-01	0113-07-01	0113-09-01	0113-06-01	0113-09-01	0113-09-04	1130905	2	113	2	3	3	9	36	248	5	1	2	-58579891200	0113-09-05	September 5th, 0113	05 SEP 0113	Second	0113-01-01	Second	Third	Third	September	248	5th	First Tuesday	Tuesday	S2	T2	Q3	Sep	1st Tue	Tue	0113-S2	0113-T2	0113-Q3	0113-09 (Sep)	0113-248	0113-Second Semester	0113-Third Trimester	0113-Third Quarter	0113-09 (September)	0113-W36	0113-W-2	Weekday
1131005	1010101	1130101	1130701	1130901	1131001	1131001	1131002	0113-10-05	0101-01-01	0113-01-01	0113-07-01	0113-09-01	0113-10-01	0113-10-01	0113-10-02	1131005	2	113	2	3	4	10	40	278	5	1	4	-58577299200	0113-10-05	October 5th, 0113	05 OCT 0113	Second	0113-01-01	Second	Third	Forth	October	278	5th	First Thursday	Thursday	S2	T2	Q4	Oct	1st Thu	Thu	0113-S2	0113-T2	0113-Q4	0113-10 (Oct)	0113-278	0113-Second Semester	0113-Third Trimester	0113-Forth Quarter	0113-10 (October)	0113-W40	0113-W-4	Weekday
1131105	1010101	1130101	1130701	1130901	1131001	1131101	1131030	0113-11-05	0101-01-01	0113-01-01	0113-07-01	0113-09-01	0113-10-01	0113-11-01	0113-10-30	1131105	2	113	2	3	4	11	44	309	5	1	7	-58574620800	0113-11-05	November 5th, 0113	05 NOV 0113	Second	0113-01-01	Second	Third	Forth	November	309	5th	First Sunday	Sunday	S2	T2	Q4	Nov	1st Sun	Sun	0113-S2	0113-T2	0113-Q4	0113-11 (Nov)	0113-309	0113-Second Semester	0113-Third Trimester	0113-Forth Quarter	0113-11 (November)	0113-W44	0113-W-7	Weekend
1131205	1010101	1130101	1130701	1130901	1131001	1131201	1131204	0113-12-05	0101-01-01	0113-01-01	0113-07-01	0113-09-01	0113-10-01	0113-12-01	0113-12-04	1131205	2	113	2	3	4	12	49	339	5	1	2	-58572028800	0113-12-05	December 5th, 0113	05 DEC 0113	Second	0113-01-01	Second	Third	Forth	December	339	5th	First Tuesday	Tuesday	S2	T2	Q4	Dec	1st Tue	Tue	0113-S2	0113-T2	0113-Q4	0113-12 (Dec)	0113-339	0113-Second Semester	0113-Third Trimester	0113-Forth Quarter	0113-12 (December)	0113-W49	0113-W-2	Weekday
1131206	1010101	1130101	1130701	1130901	1131001	1131201	1131204	0113-12-06	0101-01-01	0113-01-01	0113-07-01	0113-09-01	0113-10-01	0113-12-01	0113-12-04	1131206	2	113	2	3	4	12	49	340	6	1	3	-58571942400	0113-12-06	December 6th, 0113	06 DEC 0113	Second	0113-01-01	Second	Third	Forth	December	340	6th	First Wednesday	Wednesday	S2	T2	Q4	Dec	1st Wed	Wed	0113-S2	0113-T2	0113-Q4	0113-12 (Dec)	0113-340	0113-Second Semester	0113-Third Trimester	0113-Forth Quarter	0113-12 (December)	0113-W49	0113-W-3	Weekday
1131106	1010101	1130101	1130701	1130901	1131001	1131101	1131106	0113-11-06	0101-01-01	0113-01-01	0113-07-01	0113-09-01	0113-10-01	0113-11-01	0113-11-06	1131106	2	113	2	3	4	11	45	310	6	1	1	-58574534400	0113-11-06	November 6th, 0113	06 NOV 0113	Second	0113-01-01	Second	Third	Forth	November	310	6th	First Monday	Monday	S2	T2	Q4	Nov	1st Mon	Mon	0113-S2	0113-T2	0113-Q4	0113-11 (Nov)	0113-310	0113-Second Semester	0113-Third Trimester	0113-Forth Quarter	0113-11 (November)	0113-W45	0113-W-1	Weekday
1131006	1010101	1130101	1130701	1130901	1131001	1131001	1131002	0113-10-06	0101-01-01	0113-01-01	0113-07-01	0113-09-01	0113-10-01	0113-10-01	0113-10-02	1131006	2	113	2	3	4	10	40	279	6	1	5	-58577212800	0113-10-06	October 6th, 0113	06 OCT 0113	Second	0113-01-01	Second	Third	Forth	October	279	6th	First Friday	Friday	S2	T2	Q4	Oct	1st Fri	Fri	0113-S2	0113-T2	0113-Q4	0113-10 (Oct)	0113-279	0113-Second Semester	0113-Third Trimester	0113-Forth Quarter	0113-10 (October)	0113-W40	0113-W-5	Weekday
1130906	1010101	1130101	1130701	1130901	1130601	1130901	1130904	0113-09-06	0101-01-01	0113-01-01	0113-07-01	0113-09-01	0113-06-01	0113-09-01	0113-09-04	1130906	2	113	2	3	3	9	36	249	6	1	3	-58579804800	0113-09-06	September 6th, 0113	06 SEP 0113	Second	0113-01-01	Second	Third	Third	September	249	6th	First Wednesday	Wednesday	S2	T2	Q3	Sep	1st Wed	Wed	0113-S2	0113-T2	0113-Q3	0113-09 (Sep)	0113-249	0113-Second Semester	0113-Third Trimester	0113-Third Quarter	0113-09 (September)	0113-W36	0113-W-3	Weekday
1130806	1010101	1130101	1130701	1130501	1130601	1130801	1130731	0113-08-06	0101-01-01	0113-01-01	0113-07-01	0113-05-01	0113-06-01	0113-08-01	0113-07-31	1130806	2	113	2	2	3	8	31	218	6	1	7	-58582483200	0113-08-06	August 6th, 0113	06 AUG 0113	Second	0113-01-01	Second	Second	Third	August	218	6th	First Sunday	Sunday	S2	T2	Q3	Aug	1st Sun	Sun	0113-S2	0113-T2	0113-Q3	0113-08 (Aug)	0113-218	0113-Second Semester	0113-Second Trimester	0113-Third Quarter	0113-08 (August)	0113-W31	0113-W-7	Weekend
1130706	1010101	1130101	1130701	1130501	1130601	1130701	1130703	0113-07-06	0101-01-01	0113-01-01	0113-07-01	0113-05-01	0113-06-01	0113-07-01	0113-07-03	1130706	2	113	2	2	3	7	27	187	6	1	4	-58585161600	0113-07-06	July 6th, 0113	06 JUL 0113	Second	0113-01-01	Second	Second	Third	July	187	6th	First Thursday	Thursday	S2	T2	Q3	Jul	1st Thu	Thu	0113-S2	0113-T2	0113-Q3	0113-07 (Jul)	0113-187	0113-Second Semester	0113-Second Trimester	0113-Third Quarter	0113-07 (July)	0113-W27	0113-W-4	Weekday
1130606	1010101	1130101	1130101	1130501	1130401	1130601	1130605	0113-06-06	0101-01-01	0113-01-01	0113-01-01	0113-05-01	0113-04-01	0113-06-01	0113-06-05	1130606	2	113	1	2	2	6	23	157	6	1	2	-58587753600	0113-06-06	June 6th, 0113	06 JUN 0113	Second	0113-01-01	First	Second	Second	June	157	6th	First Tuesday	Tuesday	S1	T1	Q2	Jun	1st Tue	Tue	0113-S1	0113-T1	0113-Q2	0113-06 (Jun)	0113-157	0113-First Semester	0113-Second Trimester	0113-Second Quarter	0113-06 (June)	0113-W23	0113-W-2	Weekday
1130506	1010101	1130101	1130101	1130501	1130401	1130501	1130501	0113-05-06	0101-01-01	0113-01-01	0113-01-01	0113-05-01	0113-04-01	0113-05-01	0113-05-01	1130506	2	113	1	2	2	5	18	126	6	1	6	-58590432000	0113-05-06	May 6th, 0113	06 MAY 0113	Second	0113-01-01	First	Second	Second	May	126	6th	First Saturday	Saturday	S1	T1	Q2	May	1st Sat	Sat	0113-S1	0113-T1	0113-Q2	0113-05 (May)	0113-126	0113-First Semester	0113-Second Trimester	0113-Second Quarter	0113-05 (May)	0113-W18	0113-W-6	Weekend
1130406	1010101	1130101	1130101	1130101	1130401	1130401	1130403	0113-04-06	0101-01-01	0113-01-01	0113-01-01	0113-01-01	0113-04-01	0113-04-01	0113-04-03	1130406	2	113	1	1	2	4	14	96	6	1	4	-58593024000	0113-04-06	April 6th, 0113	06 APR 0113	Second	0113-01-01	First	First	Second	April	096	6th	First Thursday	Thursday	S1	T1	Q2	Apr	1st Thu	Thu	0113-S1	0113-T1	0113-Q2	0113-04 (Apr)	0113-096	0113-First Semester	0113-First Trimester	0113-Second Quarter	0113-04 (April)	0113-W14	0113-W-4	Weekday
1130306	1010101	1130101	1130101	1130101	1130101	1130301	1130306	0113-03-06	0101-01-01	0113-01-01	0113-01-01	0113-01-01	0113-01-01	0113-03-01	0113-03-06	1130306	2	113	1	1	1	3	10	65	6	1	1	-58595702400	0113-03-06	March 6th, 0113	06 MAR 0113	Second	0113-01-01	First	First	First	March	065	6th	First Monday	Monday	S1	T1	Q1	Mar	1st Mon	Mon	0113-S1	0113-T1	0113-Q1	0113-03 (Mar)	0113-065	0113-First Semester	0113-First Trimester	0113-First Quarter	0113-03 (March)	0113-W10	0113-W-1	Weekday
1130206	1010101	1130101	1130101	1130101	1130101	1130201	1130206	0113-02-06	0101-01-01	0113-01-01	0113-01-01	0113-01-01	0113-01-01	0113-02-01	0113-02-06	1130206	2	113	1	1	1	2	6	37	6	1	1	-58598121600	0113-02-06	February 6th, 0113	06 FEB 0113	Second	0113-01-01	First	First	First	February	037	6th	First Monday	Monday	S1	T1	Q1	Feb	1st Mon	Mon	0113-S1	0113-T1	0113-Q1	0113-02 (Feb)	0113-037	0113-First Semester	0113-First Trimester	0113-First Quarter	0113-02 (February)	0113-W06	0113-W-1	Weekday
1130106	1010101	1130101	1130101	1130101	1130101	1130101	1130102	0113-01-06	0101-01-01	0113-01-01	0113-01-01	0113-01-01	0113-01-01	0113-01-01	0113-01-02	1130106	2	113	1	1	1	1	1	6	6	1	5	-58600800000	0113-01-06	January 6th, 0113	06 JAN 0113	Second	0113-01-01	First	First	First	January	006	6th	First Friday	Friday	S1	T1	Q1	Jan	1st Fri	Fri	0113-S1	0113-T1	0113-Q1	0113-01 (Jan)	0113-006	0113-First Semester	0113-First Trimester	0113-First Quarter	0113-01 (January)	0113-W01	0113-W-5	Weekday
1130107	1010101	1130101	1130101	1130101	1130101	1130101	1130102	0113-01-07	0101-01-01	0113-01-01	0113-01-01	0113-01-01	0113-01-01	0113-01-01	0113-01-02	1130107	2	113	1	1	1	1	1	7	7	1	6	-58600713600	0113-01-07	January 7th, 0113	07 JAN 0113	Second	0113-01-01	First	First	First	January	007	7th	First Saturday	Saturday	S1	T1	Q1	Jan	1st Sat	Sat	0113-S1	0113-T1	0113-Q1	0113-01 (Jan)	0113-007	0113-First Semester	0113-First Trimester	0113-First Quarter	0113-01 (January)	0113-W01	0113-W-6	Weekend
1130207	1010101	1130101	1130101	1130101	1130101	1130201	1130206	0113-02-07	0101-01-01	0113-01-01	0113-01-01	0113-01-01	0113-01-01	0113-02-01	0113-02-06	1130207	2	113	1	1	1	2	6	38	7	1	2	-58598035200	0113-02-07	February 7th, 0113	07 FEB 0113	Second	0113-01-01	First	First	First	February	038	7th	First Tuesday	Tuesday	S1	T1	Q1	Feb	1st Tue	Tue	0113-S1	0113-T1	0113-Q1	0113-02 (Feb)	0113-038	0113-First Semester	0113-First Trimester	0113-First Quarter	0113-02 (February)	0113-W06	0113-W-2	Weekday
1130307	1010101	1130101	1130101	1130101	1130101	1130301	1130306	0113-03-07	0101-01-01	0113-01-01	0113-01-01	0113-01-01	0113-01-01	0113-03-01	0113-03-06	1130307	2	113	1	1	1	3	10	66	7	1	2	-58595616000	0113-03-07	March 7th, 0113	07 MAR 0113	Second	0113-01-01	First	First	First	March	066	7th	First Tuesday	Tuesday	S1	T1	Q1	Mar	1st Tue	Tue	0113-S1	0113-T1	0113-Q1	0113-03 (Mar)	0113-066	0113-First Semester	0113-First Trimester	0113-First Quarter	0113-03 (March)	0113-W10	0113-W-2	Weekday
1130407	1010101	1130101	1130101	1130101	1130401	1130401	1130403	0113-04-07	0101-01-01	0113-01-01	0113-01-01	0113-01-01	0113-04-01	0113-04-01	0113-04-03	1130407	2	113	1	1	2	4	14	97	7	1	5	-58592937600	0113-04-07	April 7th, 0113	07 APR 0113	Second	0113-01-01	First	First	Second	April	097	7th	First Friday	Friday	S1	T1	Q2	Apr	1st Fri	Fri	0113-S1	0113-T1	0113-Q2	0113-04 (Apr)	0113-097	0113-First Semester	0113-First Trimester	0113-Second Quarter	0113-04 (April)	0113-W14	0113-W-5	Weekday
1130507	1010101	1130101	1130101	1130501	1130401	1130501	1130501	0113-05-07	0101-01-01	0113-01-01	0113-01-01	0113-05-01	0113-04-01	0113-05-01	0113-05-01	1130507	2	113	1	2	2	5	18	127	7	1	7	-58590345600	0113-05-07	May 7th, 0113	07 MAY 0113	Second	0113-01-01	First	Second	Second	May	127	7th	First Sunday	Sunday	S1	T1	Q2	May	1st Sun	Sun	0113-S1	0113-T1	0113-Q2	0113-05 (May)	0113-127	0113-First Semester	0113-Second Trimester	0113-Second Quarter	0113-05 (May)	0113-W18	0113-W-7	Weekend
1130607	1010101	1130101	1130101	1130501	1130401	1130601	1130605	0113-06-07	0101-01-01	0113-01-01	0113-01-01	0113-05-01	0113-04-01	0113-06-01	0113-06-05	1130607	2	113	1	2	2	6	23	158	7	1	3	-58587667200	0113-06-07	June 7th, 0113	07 JUN 0113	Second	0113-01-01	First	Second	Second	June	158	7th	First Wednesday	Wednesday	S1	T1	Q2	Jun	1st Wed	Wed	0113-S1	0113-T1	0113-Q2	0113-06 (Jun)	0113-158	0113-First Semester	0113-Second Trimester	0113-Second Quarter	0113-06 (June)	0113-W23	0113-W-3	Weekday
1130707	1010101	1130101	1130701	1130501	1130601	1130701	1130703	0113-07-07	0101-01-01	0113-01-01	0113-07-01	0113-05-01	0113-06-01	0113-07-01	0113-07-03	1130707	2	113	2	2	3	7	27	188	7	1	5	-58585075200	0113-07-07	July 7th, 0113	07 JUL 0113	Second	0113-01-01	Second	Second	Third	July	188	7th	First Friday	Friday	S2	T2	Q3	Jul	1st Fri	Fri	0113-S2	0113-T2	0113-Q3	0113-07 (Jul)	0113-188	0113-Second Semester	0113-Second Trimester	0113-Third Quarter	0113-07 (July)	0113-W27	0113-W-5	Weekday
1130807	1010101	1130101	1130701	1130501	1130601	1130801	1130807	0113-08-07	0101-01-01	0113-01-01	0113-07-01	0113-05-01	0113-06-01	0113-08-01	0113-08-07	1130807	2	113	2	2	3	8	32	219	7	1	1	-58582396800	0113-08-07	August 7th, 0113	07 AUG 0113	Second	0113-01-01	Second	Second	Third	August	219	7th	First Monday	Monday	S2	T2	Q3	Aug	1st Mon	Mon	0113-S2	0113-T2	0113-Q3	0113-08 (Aug)	0113-219	0113-Second Semester	0113-Second Trimester	0113-Third Quarter	0113-08 (August)	0113-W32	0113-W-1	Weekday
1130907	1010101	1130101	1130701	1130901	1130601	1130901	1130904	0113-09-07	0101-01-01	0113-01-01	0113-07-01	0113-09-01	0113-06-01	0113-09-01	0113-09-04	1130907	2	113	2	3	3	9	36	250	7	1	4	-58579718400	0113-09-07	September 7th, 0113	07 SEP 0113	Second	0113-01-01	Second	Third	Third	September	250	7th	First Thursday	Thursday	S2	T2	Q3	Sep	1st Thu	Thu	0113-S2	0113-T2	0113-Q3	0113-09 (Sep)	0113-250	0113-Second Semester	0113-Third Trimester	0113-Third Quarter	0113-09 (September)	0113-W36	0113-W-4	Weekday
1131007	1010101	1130101	1130701	1130901	1131001	1131001	1131002	0113-10-07	0101-01-01	0113-01-01	0113-07-01	0113-09-01	0113-10-01	0113-10-01	0113-10-02	1131007	2	113	2	3	4	10	40	280	7	1	6	-58577126400	0113-10-07	October 7th, 0113	07 OCT 0113	Second	0113-01-01	Second	Third	Forth	October	280	7th	First Saturday	Saturday	S2	T2	Q4	Oct	1st Sat	Sat	0113-S2	0113-T2	0113-Q4	0113-10 (Oct)	0113-280	0113-Second Semester	0113-Third Trimester	0113-Forth Quarter	0113-10 (October)	0113-W40	0113-W-6	Weekend
1131107	1010101	1130101	1130701	1130901	1131001	1131101	1131106	0113-11-07	0101-01-01	0113-01-01	0113-07-01	0113-09-01	0113-10-01	0113-11-01	0113-11-06	1131107	2	113	2	3	4	11	45	311	7	1	2	-58574448000	0113-11-07	November 7th, 0113	07 NOV 0113	Second	0113-01-01	Second	Third	Forth	November	311	7th	First Tuesday	Tuesday	S2	T2	Q4	Nov	1st Tue	Tue	0113-S2	0113-T2	0113-Q4	0113-11 (Nov)	0113-311	0113-Second Semester	0113-Third Trimester	0113-Forth Quarter	0113-11 (November)	0113-W45	0113-W-2	Weekday
1131207	1010101	1130101	1130701	1130901	1131001	1131201	1131204	0113-12-07	0101-01-01	0113-01-01	0113-07-01	0113-09-01	0113-10-01	0113-12-01	0113-12-04	1131207	2	113	2	3	4	12	49	341	7	1	4	-58571856000	0113-12-07	December 7th, 0113	07 DEC 0113	Second	0113-01-01	Second	Third	Forth	December	341	7th	First Thursday	Thursday	S2	T2	Q4	Dec	1st Thu	Thu	0113-S2	0113-T2	0113-Q4	0113-12 (Dec)	0113-341	0113-Second Semester	0113-Third Trimester	0113-Forth Quarter	0113-12 (December)	0113-W49	0113-W-4	Weekday
1131208	1010101	1130101	1130701	1130901	1131001	1131201	1131204	0113-12-08	0101-01-01	0113-01-01	0113-07-01	0113-09-01	0113-10-01	0113-12-01	0113-12-04	1131208	2	113	2	3	4	12	49	342	8	2	5	-58571769600	0113-12-08	December 8th, 0113	08 DEC 0113	Second	0113-01-01	Second	Third	Forth	December	342	8th	Second Friday	Friday	S2	T2	Q4	Dec	2nd Fri	Fri	0113-S2	0113-T2	0113-Q4	0113-12 (Dec)	0113-342	0113-Second Semester	0113-Third Trimester	0113-Forth Quarter	0113-12 (December)	0113-W49	0113-W-5	Weekday
1131108	1010101	1130101	1130701	1130901	1131001	1131101	1131106	0113-11-08	0101-01-01	0113-01-01	0113-07-01	0113-09-01	0113-10-01	0113-11-01	0113-11-06	1131108	2	113	2	3	4	11	45	312	8	2	3	-58574361600	0113-11-08	November 8th, 0113	08 NOV 0113	Second	0113-01-01	Second	Third	Forth	November	312	8th	Second Wednesday	Wednesday	S2	T2	Q4	Nov	2nd Wed	Wed	0113-S2	0113-T2	0113-Q4	0113-11 (Nov)	0113-312	0113-Second Semester	0113-Third Trimester	0113-Forth Quarter	0113-11 (November)	0113-W45	0113-W-3	Weekday
1131008	1010101	1130101	1130701	1130901	1131001	1131001	1131002	0113-10-08	0101-01-01	0113-01-01	0113-07-01	0113-09-01	0113-10-01	0113-10-01	0113-10-02	1131008	2	113	2	3	4	10	40	281	8	2	7	-58577040000	0113-10-08	October 8th, 0113	08 OCT 0113	Second	0113-01-01	Second	Third	Forth	October	281	8th	Second Sunday	Sunday	S2	T2	Q4	Oct	2nd Sun	Sun	0113-S2	0113-T2	0113-Q4	0113-10 (Oct)	0113-281	0113-Second Semester	0113-Third Trimester	0113-Forth Quarter	0113-10 (October)	0113-W40	0113-W-7	Weekend
1130908	1010101	1130101	1130701	1130901	1130601	1130901	1130904	0113-09-08	0101-01-01	0113-01-01	0113-07-01	0113-09-01	0113-06-01	0113-09-01	0113-09-04	1130908	2	113	2	3	3	9	36	251	8	2	5	-58579632000	0113-09-08	September 8th, 0113	08 SEP 0113	Second	0113-01-01	Second	Third	Third	September	251	8th	Second Friday	Friday	S2	T2	Q3	Sep	2nd Fri	Fri	0113-S2	0113-T2	0113-Q3	0113-09 (Sep)	0113-251	0113-Second Semester	0113-Third Trimester	0113-Third Quarter	0113-09 (September)	0113-W36	0113-W-5	Weekday
1130808	1010101	1130101	1130701	1130501	1130601	1130801	1130807	0113-08-08	0101-01-01	0113-01-01	0113-07-01	0113-05-01	0113-06-01	0113-08-01	0113-08-07	1130808	2	113	2	2	3	8	32	220	8	2	2	-58582310400	0113-08-08	August 8th, 0113	08 AUG 0113	Second	0113-01-01	Second	Second	Third	August	220	8th	Second Tuesday	Tuesday	S2	T2	Q3	Aug	2nd Tue	Tue	0113-S2	0113-T2	0113-Q3	0113-08 (Aug)	0113-220	0113-Second Semester	0113-Second Trimester	0113-Third Quarter	0113-08 (August)	0113-W32	0113-W-2	Weekday
1130708	1010101	1130101	1130701	1130501	1130601	1130701	1130703	0113-07-08	0101-01-01	0113-01-01	0113-07-01	0113-05-01	0113-06-01	0113-07-01	0113-07-03	1130708	2	113	2	2	3	7	27	189	8	2	6	-58584988800	0113-07-08	July 8th, 0113	08 JUL 0113	Second	0113-01-01	Second	Second	Third	July	189	8th	Second Saturday	Saturday	S2	T2	Q3	Jul	2nd Sat	Sat	0113-S2	0113-T2	0113-Q3	0113-07 (Jul)	0113-189	0113-Second Semester	0113-Second Trimester	0113-Third Quarter	0113-07 (July)	0113-W27	0113-W-6	Weekend
1130608	1010101	1130101	1130101	1130501	1130401	1130601	1130605	0113-06-08	0101-01-01	0113-01-01	0113-01-01	0113-05-01	0113-04-01	0113-06-01	0113-06-05	1130608	2	113	1	2	2	6	23	159	8	2	4	-58587580800	0113-06-08	June 8th, 0113	08 JUN 0113	Second	0113-01-01	First	Second	Second	June	159	8th	Second Thursday	Thursday	S1	T1	Q2	Jun	2nd Thu	Thu	0113-S1	0113-T1	0113-Q2	0113-06 (Jun)	0113-159	0113-First Semester	0113-Second Trimester	0113-Second Quarter	0113-06 (June)	0113-W23	0113-W-4	Weekday
1130508	1010101	1130101	1130101	1130501	1130401	1130501	1130508	0113-05-08	0101-01-01	0113-01-01	0113-01-01	0113-05-01	0113-04-01	0113-05-01	0113-05-08	1130508	2	113	1	2	2	5	19	128	8	2	1	-58590259200	0113-05-08	May 8th, 0113	08 MAY 0113	Second	0113-01-01	First	Second	Second	May	128	8th	Second Monday	Monday	S1	T1	Q2	May	2nd Mon	Mon	0113-S1	0113-T1	0113-Q2	0113-05 (May)	0113-128	0113-First Semester	0113-Second Trimester	0113-Second Quarter	0113-05 (May)	0113-W19	0113-W-1	Weekday
1130408	1010101	1130101	1130101	1130101	1130401	1130401	1130403	0113-04-08	0101-01-01	0113-01-01	0113-01-01	0113-01-01	0113-04-01	0113-04-01	0113-04-03	1130408	2	113	1	1	2	4	14	98	8	2	6	-58592851200	0113-04-08	April 8th, 0113	08 APR 0113	Second	0113-01-01	First	First	Second	April	098	8th	Second Saturday	Saturday	S1	T1	Q2	Apr	2nd Sat	Sat	0113-S1	0113-T1	0113-Q2	0113-04 (Apr)	0113-098	0113-First Semester	0113-First Trimester	0113-Second Quarter	0113-04 (April)	0113-W14	0113-W-6	Weekend
1130308	1010101	1130101	1130101	1130101	1130101	1130301	1130306	0113-03-08	0101-01-01	0113-01-01	0113-01-01	0113-01-01	0113-01-01	0113-03-01	0113-03-06	1130308	2	113	1	1	1	3	10	67	8	2	3	-58595529600	0113-03-08	March 8th, 0113	08 MAR 0113	Second	0113-01-01	First	First	First	March	067	8th	Second Wednesday	Wednesday	S1	T1	Q1	Mar	2nd Wed	Wed	0113-S1	0113-T1	0113-Q1	0113-03 (Mar)	0113-067	0113-First Semester	0113-First Trimester	0113-First Quarter	0113-03 (March)	0113-W10	0113-W-3	Weekday
1130208	1010101	1130101	1130101	1130101	1130101	1130201	1130206	0113-02-08	0101-01-01	0113-01-01	0113-01-01	0113-01-01	0113-01-01	0113-02-01	0113-02-06	1130208	2	113	1	1	1	2	6	39	8	2	3	-58597948800	0113-02-08	February 8th, 0113	08 FEB 0113	Second	0113-01-01	First	First	First	February	039	8th	Second Wednesday	Wednesday	S1	T1	Q1	Feb	2nd Wed	Wed	0113-S1	0113-T1	0113-Q1	0113-02 (Feb)	0113-039	0113-First Semester	0113-First Trimester	0113-First Quarter	0113-02 (February)	0113-W06	0113-W-3	Weekday
1130108	1010101	1130101	1130101	1130101	1130101	1130101	1130102	0113-01-08	0101-01-01	0113-01-01	0113-01-01	0113-01-01	0113-01-01	0113-01-01	0113-01-02	1130108	2	113	1	1	1	1	1	8	8	2	7	-58600627200	0113-01-08	January 8th, 0113	08 JAN 0113	Second	0113-01-01	First	First	First	January	008	8th	Second Sunday	Sunday	S1	T1	Q1	Jan	2nd Sun	Sun	0113-S1	0113-T1	0113-Q1	0113-01 (Jan)	0113-008	0113-First Semester	0113-First Trimester	0113-First Quarter	0113-01 (January)	0113-W01	0113-W-7	Weekend
1130109	1010101	1130101	1130101	1130101	1130101	1130101	1130109	0113-01-09	0101-01-01	0113-01-01	0113-01-01	0113-01-01	0113-01-01	0113-01-01	0113-01-09	1130109	2	113	1	1	1	1	2	9	9	2	1	-58600540800	0113-01-09	January 9th, 0113	09 JAN 0113	Second	0113-01-01	First	First	First	January	009	9th	Second Monday	Monday	S1	T1	Q1	Jan	2nd Mon	Mon	0113-S1	0113-T1	0113-Q1	0113-01 (Jan)	0113-009	0113-First Semester	0113-First Trimester	0113-First Quarter	0113-01 (January)	0113-W02	0113-W-1	Weekday
1130209	1010101	1130101	1130101	1130101	1130101	1130201	1130206	0113-02-09	0101-01-01	0113-01-01	0113-01-01	0113-01-01	0113-01-01	0113-02-01	0113-02-06	1130209	2	113	1	1	1	2	6	40	9	2	4	-58597862400	0113-02-09	February 9th, 0113	09 FEB 0113	Second	0113-01-01	First	First	First	February	040	9th	Second Thursday	Thursday	S1	T1	Q1	Feb	2nd Thu	Thu	0113-S1	0113-T1	0113-Q1	0113-02 (Feb)	0113-040	0113-First Semester	0113-First Trimester	0113-First Quarter	0113-02 (February)	0113-W06	0113-W-4	Weekday
1130309	1010101	1130101	1130101	1130101	1130101	1130301	1130306	0113-03-09	0101-01-01	0113-01-01	0113-01-01	0113-01-01	0113-01-01	0113-03-01	0113-03-06	1130309	2	113	1	1	1	3	10	68	9	2	4	-58595443200	0113-03-09	March 9th, 0113	09 MAR 0113	Second	0113-01-01	First	First	First	March	068	9th	Second Thursday	Thursday	S1	T1	Q1	Mar	2nd Thu	Thu	0113-S1	0113-T1	0113-Q1	0113-03 (Mar)	0113-068	0113-First Semester	0113-First Trimester	0113-First Quarter	0113-03 (March)	0113-W10	0113-W-4	Weekday
1130409	1010101	1130101	1130101	1130101	1130401	1130401	1130403	0113-04-09	0101-01-01	0113-01-01	0113-01-01	0113-01-01	0113-04-01	0113-04-01	0113-04-03	1130409	2	113	1	1	2	4	14	99	9	2	7	-58592764800	0113-04-09	April 9th, 0113	09 APR 0113	Second	0113-01-01	First	First	Second	April	099	9th	Second Sunday	Sunday	S1	T1	Q2	Apr	2nd Sun	Sun	0113-S1	0113-T1	0113-Q2	0113-04 (Apr)	0113-099	0113-First Semester	0113-First Trimester	0113-Second Quarter	0113-04 (April)	0113-W14	0113-W-7	Weekend
1130509	1010101	1130101	1130101	1130501	1130401	1130501	1130508	0113-05-09	0101-01-01	0113-01-01	0113-01-01	0113-05-01	0113-04-01	0113-05-01	0113-05-08	1130509	2	113	1	2	2	5	19	129	9	2	2	-58590172800	0113-05-09	May 9th, 0113	09 MAY 0113	Second	0113-01-01	First	Second	Second	May	129	9th	Second Tuesday	Tuesday	S1	T1	Q2	May	2nd Tue	Tue	0113-S1	0113-T1	0113-Q2	0113-05 (May)	0113-129	0113-First Semester	0113-Second Trimester	0113-Second Quarter	0113-05 (May)	0113-W19	0113-W-2	Weekday
1130609	1010101	1130101	1130101	1130501	1130401	1130601	1130605	0113-06-09	0101-01-01	0113-01-01	0113-01-01	0113-05-01	0113-04-01	0113-06-01	0113-06-05	1130609	2	113	1	2	2	6	23	160	9	2	5	-58587494400	0113-06-09	June 9th, 0113	09 JUN 0113	Second	0113-01-01	First	Second	Second	June	160	9th	Second Friday	Friday	S1	T1	Q2	Jun	2nd Fri	Fri	0113-S1	0113-T1	0113-Q2	0113-06 (Jun)	0113-160	0113-First Semester	0113-Second Trimester	0113-Second Quarter	0113-06 (June)	0113-W23	0113-W-5	Weekday
1130709	1010101	1130101	1130701	1130501	1130601	1130701	1130703	0113-07-09	0101-01-01	0113-01-01	0113-07-01	0113-05-01	0113-06-01	0113-07-01	0113-07-03	1130709	2	113	2	2	3	7	27	190	9	2	7	-58584902400	0113-07-09	July 9th, 0113	09 JUL 0113	Second	0113-01-01	Second	Second	Third	July	190	9th	Second Sunday	Sunday	S2	T2	Q3	Jul	2nd Sun	Sun	0113-S2	0113-T2	0113-Q3	0113-07 (Jul)	0113-190	0113-Second Semester	0113-Second Trimester	0113-Third Quarter	0113-07 (July)	0113-W27	0113-W-7	Weekend
1130809	1010101	1130101	1130701	1130501	1130601	1130801	1130807	0113-08-09	0101-01-01	0113-01-01	0113-07-01	0113-05-01	0113-06-01	0113-08-01	0113-08-07	1130809	2	113	2	2	3	8	32	221	9	2	3	-58582224000	0113-08-09	August 9th, 0113	09 AUG 0113	Second	0113-01-01	Second	Second	Third	August	221	9th	Second Wednesday	Wednesday	S2	T2	Q3	Aug	2nd Wed	Wed	0113-S2	0113-T2	0113-Q3	0113-08 (Aug)	0113-221	0113-Second Semester	0113-Second Trimester	0113-Third Quarter	0113-08 (August)	0113-W32	0113-W-3	Weekday
1130909	1010101	1130101	1130701	1130901	1130601	1130901	1130904	0113-09-09	0101-01-01	0113-01-01	0113-07-01	0113-09-01	0113-06-01	0113-09-01	0113-09-04	1130909	2	113	2	3	3	9	36	252	9	2	6	-58579545600	0113-09-09	September 9th, 0113	09 SEP 0113	Second	0113-01-01	Second	Third	Third	September	252	9th	Second Saturday	Saturday	S2	T2	Q3	Sep	2nd Sat	Sat	0113-S2	0113-T2	0113-Q3	0113-09 (Sep)	0113-252	0113-Second Semester	0113-Third Trimester	0113-Third Quarter	0113-09 (September)	0113-W36	0113-W-6	Weekend
1131009	1010101	1130101	1130701	1130901	1131001	1131001	1131009	0113-10-09	0101-01-01	0113-01-01	0113-07-01	0113-09-01	0113-10-01	0113-10-01	0113-10-09	1131009	2	113	2	3	4	10	41	282	9	2	1	-58576953600	0113-10-09	October 9th, 0113	09 OCT 0113	Second	0113-01-01	Second	Third	Forth	October	282	9th	Second Monday	Monday	S2	T2	Q4	Oct	2nd Mon	Mon	0113-S2	0113-T2	0113-Q4	0113-10 (Oct)	0113-282	0113-Second Semester	0113-Third Trimester	0113-Forth Quarter	0113-10 (October)	0113-W41	0113-W-1	Weekday
1131109	1010101	1130101	1130701	1130901	1131001	1131101	1131106	0113-11-09	0101-01-01	0113-01-01	0113-07-01	0113-09-01	0113-10-01	0113-11-01	0113-11-06	1131109	2	113	2	3	4	11	45	313	9	2	4	-58574275200	0113-11-09	November 9th, 0113	09 NOV 0113	Second	0113-01-01	Second	Third	Forth	November	313	9th	Second Thursday	Thursday	S2	T2	Q4	Nov	2nd Thu	Thu	0113-S2	0113-T2	0113-Q4	0113-11 (Nov)	0113-313	0113-Second Semester	0113-Third Trimester	0113-Forth Quarter	0113-11 (November)	0113-W45	0113-W-4	Weekday
1131209	1010101	1130101	1130701	1130901	1131001	1131201	1131204	0113-12-09	0101-01-01	0113-01-01	0113-07-01	0113-09-01	0113-10-01	0113-12-01	0113-12-04	1131209	2	113	2	3	4	12	49	343	9	2	6	-58571683200	0113-12-09	December 9th, 0113	09 DEC 0113	Second	0113-01-01	Second	Third	Forth	December	343	9th	Second Saturday	Saturday	S2	T2	Q4	Dec	2nd Sat	Sat	0113-S2	0113-T2	0113-Q4	0113-12 (Dec)	0113-343	0113-Second Semester	0113-Third Trimester	0113-Forth Quarter	0113-12 (December)	0113-W49	0113-W-6	Weekend
1131210	1010101	1130101	1130701	1130901	1131001	1131201	1131204	0113-12-10	0101-01-01	0113-01-01	0113-07-01	0113-09-01	0113-10-01	0113-12-01	0113-12-04	1131210	2	113	2	3	4	12	49	344	10	2	7	-58571596800	0113-12-10	December 10th, 0113	10 DEC 0113	Second	0113-01-01	Second	Third	Forth	December	344	10th	Second Sunday	Sunday	S2	T2	Q4	Dec	2nd Sun	Sun	0113-S2	0113-T2	0113-Q4	0113-12 (Dec)	0113-344	0113-Second Semester	0113-Third Trimester	0113-Forth Quarter	0113-12 (December)	0113-W49	0113-W-7	Weekend
1131110	1010101	1130101	1130701	1130901	1131001	1131101	1131106	0113-11-10	0101-01-01	0113-01-01	0113-07-01	0113-09-01	0113-10-01	0113-11-01	0113-11-06	1131110	2	113	2	3	4	11	45	314	10	2	5	-58574188800	0113-11-10	November 10th, 0113	10 NOV 0113	Second	0113-01-01	Second	Third	Forth	November	314	10th	Second Friday	Friday	S2	T2	Q4	Nov	2nd Fri	Fri	0113-S2	0113-T2	0113-Q4	0113-11 (Nov)	0113-314	0113-Second Semester	0113-Third Trimester	0113-Forth Quarter	0113-11 (November)	0113-W45	0113-W-5	Weekday
1131010	1010101	1130101	1130701	1130901	1131001	1131001	1131009	0113-10-10	0101-01-01	0113-01-01	0113-07-01	0113-09-01	0113-10-01	0113-10-01	0113-10-09	1131010	2	113	2	3	4	10	41	283	10	2	2	-58576867200	0113-10-10	October 10th, 0113	10 OCT 0113	Second	0113-01-01	Second	Third	Forth	October	283	10th	Second Tuesday	Tuesday	S2	T2	Q4	Oct	2nd Tue	Tue	0113-S2	0113-T2	0113-Q4	0113-10 (Oct)	0113-283	0113-Second Semester	0113-Third Trimester	0113-Forth Quarter	0113-10 (October)	0113-W41	0113-W-2	Weekday
1130910	1010101	1130101	1130701	1130901	1130601	1130901	1130904	0113-09-10	0101-01-01	0113-01-01	0113-07-01	0113-09-01	0113-06-01	0113-09-01	0113-09-04	1130910	2	113	2	3	3	9	36	253	10	2	7	-58579459200	0113-09-10	September 10th, 0113	10 SEP 0113	Second	0113-01-01	Second	Third	Third	September	253	10th	Second Sunday	Sunday	S2	T2	Q3	Sep	2nd Sun	Sun	0113-S2	0113-T2	0113-Q3	0113-09 (Sep)	0113-253	0113-Second Semester	0113-Third Trimester	0113-Third Quarter	0113-09 (September)	0113-W36	0113-W-7	Weekend
1130810	1010101	1130101	1130701	1130501	1130601	1130801	1130807	0113-08-10	0101-01-01	0113-01-01	0113-07-01	0113-05-01	0113-06-01	0113-08-01	0113-08-07	1130810	2	113	2	2	3	8	32	222	10	2	4	-58582137600	0113-08-10	August 10th, 0113	10 AUG 0113	Second	0113-01-01	Second	Second	Third	August	222	10th	Second Thursday	Thursday	S2	T2	Q3	Aug	2nd Thu	Thu	0113-S2	0113-T2	0113-Q3	0113-08 (Aug)	0113-222	0113-Second Semester	0113-Second Trimester	0113-Third Quarter	0113-08 (August)	0113-W32	0113-W-4	Weekday
1130710	1010101	1130101	1130701	1130501	1130601	1130701	1130710	0113-07-10	0101-01-01	0113-01-01	0113-07-01	0113-05-01	0113-06-01	0113-07-01	0113-07-10	1130710	2	113	2	2	3	7	28	191	10	2	1	-58584816000	0113-07-10	July 10th, 0113	10 JUL 0113	Second	0113-01-01	Second	Second	Third	July	191	10th	Second Monday	Monday	S2	T2	Q3	Jul	2nd Mon	Mon	0113-S2	0113-T2	0113-Q3	0113-07 (Jul)	0113-191	0113-Second Semester	0113-Second Trimester	0113-Third Quarter	0113-07 (July)	0113-W28	0113-W-1	Weekday
1130610	1010101	1130101	1130101	1130501	1130401	1130601	1130605	0113-06-10	0101-01-01	0113-01-01	0113-01-01	0113-05-01	0113-04-01	0113-06-01	0113-06-05	1130610	2	113	1	2	2	6	23	161	10	2	6	-58587408000	0113-06-10	June 10th, 0113	10 JUN 0113	Second	0113-01-01	First	Second	Second	June	161	10th	Second Saturday	Saturday	S1	T1	Q2	Jun	2nd Sat	Sat	0113-S1	0113-T1	0113-Q2	0113-06 (Jun)	0113-161	0113-First Semester	0113-Second Trimester	0113-Second Quarter	0113-06 (June)	0113-W23	0113-W-6	Weekend
1130510	1010101	1130101	1130101	1130501	1130401	1130501	1130508	0113-05-10	0101-01-01	0113-01-01	0113-01-01	0113-05-01	0113-04-01	0113-05-01	0113-05-08	1130510	2	113	1	2	2	5	19	130	10	2	3	-58590086400	0113-05-10	May 10th, 0113	10 MAY 0113	Second	0113-01-01	First	Second	Second	May	130	10th	Second Wednesday	Wednesday	S1	T1	Q2	May	2nd Wed	Wed	0113-S1	0113-T1	0113-Q2	0113-05 (May)	0113-130	0113-First Semester	0113-Second Trimester	0113-Second Quarter	0113-05 (May)	0113-W19	0113-W-3	Weekday
1130410	1010101	1130101	1130101	1130101	1130401	1130401	1130410	0113-04-10	0101-01-01	0113-01-01	0113-01-01	0113-01-01	0113-04-01	0113-04-01	0113-04-10	1130410	2	113	1	1	2	4	15	100	10	2	1	-58592678400	0113-04-10	April 10th, 0113	10 APR 0113	Second	0113-01-01	First	First	Second	April	100	10th	Second Monday	Monday	S1	T1	Q2	Apr	2nd Mon	Mon	0113-S1	0113-T1	0113-Q2	0113-04 (Apr)	0113-100	0113-First Semester	0113-First Trimester	0113-Second Quarter	0113-04 (April)	0113-W15	0113-W-1	Weekday
1130310	1010101	1130101	1130101	1130101	1130101	1130301	1130306	0113-03-10	0101-01-01	0113-01-01	0113-01-01	0113-01-01	0113-01-01	0113-03-01	0113-03-06	1130310	2	113	1	1	1	3	10	69	10	2	5	-58595356800	0113-03-10	March 10th, 0113	10 MAR 0113	Second	0113-01-01	First	First	First	March	069	10th	Second Friday	Friday	S1	T1	Q1	Mar	2nd Fri	Fri	0113-S1	0113-T1	0113-Q1	0113-03 (Mar)	0113-069	0113-First Semester	0113-First Trimester	0113-First Quarter	0113-03 (March)	0113-W10	0113-W-5	Weekday
1130210	1010101	1130101	1130101	1130101	1130101	1130201	1130206	0113-02-10	0101-01-01	0113-01-01	0113-01-01	0113-01-01	0113-01-01	0113-02-01	0113-02-06	1130210	2	113	1	1	1	2	6	41	10	2	5	-58597776000	0113-02-10	February 10th, 0113	10 FEB 0113	Second	0113-01-01	First	First	First	February	041	10th	Second Friday	Friday	S1	T1	Q1	Feb	2nd Fri	Fri	0113-S1	0113-T1	0113-Q1	0113-02 (Feb)	0113-041	0113-First Semester	0113-First Trimester	0113-First Quarter	0113-02 (February)	0113-W06	0113-W-5	Weekday
1130110	1010101	1130101	1130101	1130101	1130101	1130101	1130109	0113-01-10	0101-01-01	0113-01-01	0113-01-01	0113-01-01	0113-01-01	0113-01-01	0113-01-09	1130110	2	113	1	1	1	1	2	10	10	2	2	-58600454400	0113-01-10	January 10th, 0113	10 JAN 0113	Second	0113-01-01	First	First	First	January	010	10th	Second Tuesday	Tuesday	S1	T1	Q1	Jan	2nd Tue	Tue	0113-S1	0113-T1	0113-Q1	0113-01 (Jan)	0113-010	0113-First Semester	0113-First Trimester	0113-First Quarter	0113-01 (January)	0113-W02	0113-W-2	Weekday
1130111	1010101	1130101	1130101	1130101	1130101	1130101	1130109	0113-01-11	0101-01-01	0113-01-01	0113-01-01	0113-01-01	0113-01-01	0113-01-01	0113-01-09	1130111	2	113	1	1	1	1	2	11	11	2	3	-58600368000	0113-01-11	January 11th, 0113	11 JAN 0113	Second	0113-01-01	First	First	First	January	011	11th	Second Wednesday	Wednesday	S1	T1	Q1	Jan	2nd Wed	Wed	0113-S1	0113-T1	0113-Q1	0113-01 (Jan)	0113-011	0113-First Semester	0113-First Trimester	0113-First Quarter	0113-01 (January)	0113-W02	0113-W-3	Weekday
1130211	1010101	1130101	1130101	1130101	1130101	1130201	1130206	0113-02-11	0101-01-01	0113-01-01	0113-01-01	0113-01-01	0113-01-01	0113-02-01	0113-02-06	1130211	2	113	1	1	1	2	6	42	11	2	6	-58597689600	0113-02-11	February 11th, 0113	11 FEB 0113	Second	0113-01-01	First	First	First	February	042	11th	Second Saturday	Saturday	S1	T1	Q1	Feb	2nd Sat	Sat	0113-S1	0113-T1	0113-Q1	0113-02 (Feb)	0113-042	0113-First Semester	0113-First Trimester	0113-First Quarter	0113-02 (February)	0113-W06	0113-W-6	Weekend
1130311	1010101	1130101	1130101	1130101	1130101	1130301	1130306	0113-03-11	0101-01-01	0113-01-01	0113-01-01	0113-01-01	0113-01-01	0113-03-01	0113-03-06	1130311	2	113	1	1	1	3	10	70	11	2	6	-58595270400	0113-03-11	March 11th, 0113	11 MAR 0113	Second	0113-01-01	First	First	First	March	070	11th	Second Saturday	Saturday	S1	T1	Q1	Mar	2nd Sat	Sat	0113-S1	0113-T1	0113-Q1	0113-03 (Mar)	0113-070	0113-First Semester	0113-First Trimester	0113-First Quarter	0113-03 (March)	0113-W10	0113-W-6	Weekend
1130411	1010101	1130101	1130101	1130101	1130401	1130401	1130410	0113-04-11	0101-01-01	0113-01-01	0113-01-01	0113-01-01	0113-04-01	0113-04-01	0113-04-10	1130411	2	113	1	1	2	4	15	101	11	2	2	-58592592000	0113-04-11	April 11th, 0113	11 APR 0113	Second	0113-01-01	First	First	Second	April	101	11th	Second Tuesday	Tuesday	S1	T1	Q2	Apr	2nd Tue	Tue	0113-S1	0113-T1	0113-Q2	0113-04 (Apr)	0113-101	0113-First Semester	0113-First Trimester	0113-Second Quarter	0113-04 (April)	0113-W15	0113-W-2	Weekday
1130511	1010101	1130101	1130101	1130501	1130401	1130501	1130508	0113-05-11	0101-01-01	0113-01-01	0113-01-01	0113-05-01	0113-04-01	0113-05-01	0113-05-08	1130511	2	113	1	2	2	5	19	131	11	2	4	-58590000000	0113-05-11	May 11th, 0113	11 MAY 0113	Second	0113-01-01	First	Second	Second	May	131	11th	Second Thursday	Thursday	S1	T1	Q2	May	2nd Thu	Thu	0113-S1	0113-T1	0113-Q2	0113-05 (May)	0113-131	0113-First Semester	0113-Second Trimester	0113-Second Quarter	0113-05 (May)	0113-W19	0113-W-4	Weekday
1130611	1010101	1130101	1130101	1130501	1130401	1130601	1130605	0113-06-11	0101-01-01	0113-01-01	0113-01-01	0113-05-01	0113-04-01	0113-06-01	0113-06-05	1130611	2	113	1	2	2	6	23	162	11	2	7	-58587321600	0113-06-11	June 11th, 0113	11 JUN 0113	Second	0113-01-01	First	Second	Second	June	162	11th	Second Sunday	Sunday	S1	T1	Q2	Jun	2nd Sun	Sun	0113-S1	0113-T1	0113-Q2	0113-06 (Jun)	0113-162	0113-First Semester	0113-Second Trimester	0113-Second Quarter	0113-06 (June)	0113-W23	0113-W-7	Weekend
1130711	1010101	1130101	1130701	1130501	1130601	1130701	1130710	0113-07-11	0101-01-01	0113-01-01	0113-07-01	0113-05-01	0113-06-01	0113-07-01	0113-07-10	1130711	2	113	2	2	3	7	28	192	11	2	2	-58584729600	0113-07-11	July 11th, 0113	11 JUL 0113	Second	0113-01-01	Second	Second	Third	July	192	11th	Second Tuesday	Tuesday	S2	T2	Q3	Jul	2nd Tue	Tue	0113-S2	0113-T2	0113-Q3	0113-07 (Jul)	0113-192	0113-Second Semester	0113-Second Trimester	0113-Third Quarter	0113-07 (July)	0113-W28	0113-W-2	Weekday
1130811	1010101	1130101	1130701	1130501	1130601	1130801	1130807	0113-08-11	0101-01-01	0113-01-01	0113-07-01	0113-05-01	0113-06-01	0113-08-01	0113-08-07	1130811	2	113	2	2	3	8	32	223	11	2	5	-58582051200	0113-08-11	August 11th, 0113	11 AUG 0113	Second	0113-01-01	Second	Second	Third	August	223	11th	Second Friday	Friday	S2	T2	Q3	Aug	2nd Fri	Fri	0113-S2	0113-T2	0113-Q3	0113-08 (Aug)	0113-223	0113-Second Semester	0113-Second Trimester	0113-Third Quarter	0113-08 (August)	0113-W32	0113-W-5	Weekday
1130911	1010101	1130101	1130701	1130901	1130601	1130901	1130911	0113-09-11	0101-01-01	0113-01-01	0113-07-01	0113-09-01	0113-06-01	0113-09-01	0113-09-11	1130911	2	113	2	3	3	9	37	254	11	2	1	-58579372800	0113-09-11	September 11th, 0113	11 SEP 0113	Second	0113-01-01	Second	Third	Third	September	254	11th	Second Monday	Monday	S2	T2	Q3	Sep	2nd Mon	Mon	0113-S2	0113-T2	0113-Q3	0113-09 (Sep)	0113-254	0113-Second Semester	0113-Third Trimester	0113-Third Quarter	0113-09 (September)	0113-W37	0113-W-1	Weekday
1131011	1010101	1130101	1130701	1130901	1131001	1131001	1131009	0113-10-11	0101-01-01	0113-01-01	0113-07-01	0113-09-01	0113-10-01	0113-10-01	0113-10-09	1131011	2	113	2	3	4	10	41	284	11	2	3	-58576780800	0113-10-11	October 11th, 0113	11 OCT 0113	Second	0113-01-01	Second	Third	Forth	October	284	11th	Second Wednesday	Wednesday	S2	T2	Q4	Oct	2nd Wed	Wed	0113-S2	0113-T2	0113-Q4	0113-10 (Oct)	0113-284	0113-Second Semester	0113-Third Trimester	0113-Forth Quarter	0113-10 (October)	0113-W41	0113-W-3	Weekday
1131111	1010101	1130101	1130701	1130901	1131001	1131101	1131106	0113-11-11	0101-01-01	0113-01-01	0113-07-01	0113-09-01	0113-10-01	0113-11-01	0113-11-06	1131111	2	113	2	3	4	11	45	315	11	2	6	-58574102400	0113-11-11	November 11th, 0113	11 NOV 0113	Second	0113-01-01	Second	Third	Forth	November	315	11th	Second Saturday	Saturday	S2	T2	Q4	Nov	2nd Sat	Sat	0113-S2	0113-T2	0113-Q4	0113-11 (Nov)	0113-315	0113-Second Semester	0113-Third Trimester	0113-Forth Quarter	0113-11 (November)	0113-W45	0113-W-6	Weekend
1131211	1010101	1130101	1130701	1130901	1131001	1131201	1131211	0113-12-11	0101-01-01	0113-01-01	0113-07-01	0113-09-01	0113-10-01	0113-12-01	0113-12-11	1131211	2	113	2	3	4	12	50	345	11	2	1	-58571510400	0113-12-11	December 11th, 0113	11 DEC 0113	Second	0113-01-01	Second	Third	Forth	December	345	11th	Second Monday	Monday	S2	T2	Q4	Dec	2nd Mon	Mon	0113-S2	0113-T2	0113-Q4	0113-12 (Dec)	0113-345	0113-Second Semester	0113-Third Trimester	0113-Forth Quarter	0113-12 (December)	0113-W50	0113-W-1	Weekday
1131212	1010101	1130101	1130701	1130901	1131001	1131201	1131211	0113-12-12	0101-01-01	0113-01-01	0113-07-01	0113-09-01	0113-10-01	0113-12-01	0113-12-11	1131212	2	113	2	3	4	12	50	346	12	2	2	-58571424000	0113-12-12	December 12th, 0113	12 DEC 0113	Second	0113-01-01	Second	Third	Forth	December	346	12th	Second Tuesday	Tuesday	S2	T2	Q4	Dec	2nd Tue	Tue	0113-S2	0113-T2	0113-Q4	0113-12 (Dec)	0113-346	0113-Second Semester	0113-Third Trimester	0113-Forth Quarter	0113-12 (December)	0113-W50	0113-W-2	Weekday
1131112	1010101	1130101	1130701	1130901	1131001	1131101	1131106	0113-11-12	0101-01-01	0113-01-01	0113-07-01	0113-09-01	0113-10-01	0113-11-01	0113-11-06	1131112	2	113	2	3	4	11	45	316	12	2	7	-58574016000	0113-11-12	November 12th, 0113	12 NOV 0113	Second	0113-01-01	Second	Third	Forth	November	316	12th	Second Sunday	Sunday	S2	T2	Q4	Nov	2nd Sun	Sun	0113-S2	0113-T2	0113-Q4	0113-11 (Nov)	0113-316	0113-Second Semester	0113-Third Trimester	0113-Forth Quarter	0113-11 (November)	0113-W45	0113-W-7	Weekend
1131012	1010101	1130101	1130701	1130901	1131001	1131001	1131009	0113-10-12	0101-01-01	0113-01-01	0113-07-01	0113-09-01	0113-10-01	0113-10-01	0113-10-09	1131012	2	113	2	3	4	10	41	285	12	2	4	-58576694400	0113-10-12	October 12th, 0113	12 OCT 0113	Second	0113-01-01	Second	Third	Forth	October	285	12th	Second Thursday	Thursday	S2	T2	Q4	Oct	2nd Thu	Thu	0113-S2	0113-T2	0113-Q4	0113-10 (Oct)	0113-285	0113-Second Semester	0113-Third Trimester	0113-Forth Quarter	0113-10 (October)	0113-W41	0113-W-4	Weekday
1130912	1010101	1130101	1130701	1130901	1130601	1130901	1130911	0113-09-12	0101-01-01	0113-01-01	0113-07-01	0113-09-01	0113-06-01	0113-09-01	0113-09-11	1130912	2	113	2	3	3	9	37	255	12	2	2	-58579286400	0113-09-12	September 12th, 0113	12 SEP 0113	Second	0113-01-01	Second	Third	Third	September	255	12th	Second Tuesday	Tuesday	S2	T2	Q3	Sep	2nd Tue	Tue	0113-S2	0113-T2	0113-Q3	0113-09 (Sep)	0113-255	0113-Second Semester	0113-Third Trimester	0113-Third Quarter	0113-09 (September)	0113-W37	0113-W-2	Weekday
1130812	1010101	1130101	1130701	1130501	1130601	1130801	1130807	0113-08-12	0101-01-01	0113-01-01	0113-07-01	0113-05-01	0113-06-01	0113-08-01	0113-08-07	1130812	2	113	2	2	3	8	32	224	12	2	6	-58581964800	0113-08-12	August 12th, 0113	12 AUG 0113	Second	0113-01-01	Second	Second	Third	August	224	12th	Second Saturday	Saturday	S2	T2	Q3	Aug	2nd Sat	Sat	0113-S2	0113-T2	0113-Q3	0113-08 (Aug)	0113-224	0113-Second Semester	0113-Second Trimester	0113-Third Quarter	0113-08 (August)	0113-W32	0113-W-6	Weekend
1130712	1010101	1130101	1130701	1130501	1130601	1130701	1130710	0113-07-12	0101-01-01	0113-01-01	0113-07-01	0113-05-01	0113-06-01	0113-07-01	0113-07-10	1130712	2	113	2	2	3	7	28	193	12	2	3	-58584643200	0113-07-12	July 12th, 0113	12 JUL 0113	Second	0113-01-01	Second	Second	Third	July	193	12th	Second Wednesday	Wednesday	S2	T2	Q3	Jul	2nd Wed	Wed	0113-S2	0113-T2	0113-Q3	0113-07 (Jul)	0113-193	0113-Second Semester	0113-Second Trimester	0113-Third Quarter	0113-07 (July)	0113-W28	0113-W-3	Weekday
1130612	1010101	1130101	1130101	1130501	1130401	1130601	1130612	0113-06-12	0101-01-01	0113-01-01	0113-01-01	0113-05-01	0113-04-01	0113-06-01	0113-06-12	1130612	2	113	1	2	2	6	24	163	12	2	1	-58587235200	0113-06-12	June 12th, 0113	12 JUN 0113	Second	0113-01-01	First	Second	Second	June	163	12th	Second Monday	Monday	S1	T1	Q2	Jun	2nd Mon	Mon	0113-S1	0113-T1	0113-Q2	0113-06 (Jun)	0113-163	0113-First Semester	0113-Second Trimester	0113-Second Quarter	0113-06 (June)	0113-W24	0113-W-1	Weekday
1130512	1010101	1130101	1130101	1130501	1130401	1130501	1130508	0113-05-12	0101-01-01	0113-01-01	0113-01-01	0113-05-01	0113-04-01	0113-05-01	0113-05-08	1130512	2	113	1	2	2	5	19	132	12	2	5	-58589913600	0113-05-12	May 12th, 0113	12 MAY 0113	Second	0113-01-01	First	Second	Second	May	132	12th	Second Friday	Friday	S1	T1	Q2	May	2nd Fri	Fri	0113-S1	0113-T1	0113-Q2	0113-05 (May)	0113-132	0113-First Semester	0113-Second Trimester	0113-Second Quarter	0113-05 (May)	0113-W19	0113-W-5	Weekday
1130412	1010101	1130101	1130101	1130101	1130401	1130401	1130410	0113-04-12	0101-01-01	0113-01-01	0113-01-01	0113-01-01	0113-04-01	0113-04-01	0113-04-10	1130412	2	113	1	1	2	4	15	102	12	2	3	-58592505600	0113-04-12	April 12th, 0113	12 APR 0113	Second	0113-01-01	First	First	Second	April	102	12th	Second Wednesday	Wednesday	S1	T1	Q2	Apr	2nd Wed	Wed	0113-S1	0113-T1	0113-Q2	0113-04 (Apr)	0113-102	0113-First Semester	0113-First Trimester	0113-Second Quarter	0113-04 (April)	0113-W15	0113-W-3	Weekday
1130312	1010101	1130101	1130101	1130101	1130101	1130301	1130306	0113-03-12	0101-01-01	0113-01-01	0113-01-01	0113-01-01	0113-01-01	0113-03-01	0113-03-06	1130312	2	113	1	1	1	3	10	71	12	2	7	-58595184000	0113-03-12	March 12th, 0113	12 MAR 0113	Second	0113-01-01	First	First	First	March	071	12th	Second Sunday	Sunday	S1	T1	Q1	Mar	2nd Sun	Sun	0113-S1	0113-T1	0113-Q1	0113-03 (Mar)	0113-071	0113-First Semester	0113-First Trimester	0113-First Quarter	0113-03 (March)	0113-W10	0113-W-7	Weekend
1130212	1010101	1130101	1130101	1130101	1130101	1130201	1130206	0113-02-12	0101-01-01	0113-01-01	0113-01-01	0113-01-01	0113-01-01	0113-02-01	0113-02-06	1130212	2	113	1	1	1	2	6	43	12	2	7	-58597603200	0113-02-12	February 12th, 0113	12 FEB 0113	Second	0113-01-01	First	First	First	February	043	12th	Second Sunday	Sunday	S1	T1	Q1	Feb	2nd Sun	Sun	0113-S1	0113-T1	0113-Q1	0113-02 (Feb)	0113-043	0113-First Semester	0113-First Trimester	0113-First Quarter	0113-02 (February)	0113-W06	0113-W-7	Weekend
1130112	1010101	1130101	1130101	1130101	1130101	1130101	1130109	0113-01-12	0101-01-01	0113-01-01	0113-01-01	0113-01-01	0113-01-01	0113-01-01	0113-01-09	1130112	2	113	1	1	1	1	2	12	12	2	4	-58600281600	0113-01-12	January 12th, 0113	12 JAN 0113	Second	0113-01-01	First	First	First	January	012	12th	Second Thursday	Thursday	S1	T1	Q1	Jan	2nd Thu	Thu	0113-S1	0113-T1	0113-Q1	0113-01 (Jan)	0113-012	0113-First Semester	0113-First Trimester	0113-First Quarter	0113-01 (January)	0113-W02	0113-W-4	Weekday
1130113	1010101	1130101	1130101	1130101	1130101	1130101	1130109	0113-01-13	0101-01-01	0113-01-01	0113-01-01	0113-01-01	0113-01-01	0113-01-01	0113-01-09	1130113	2	113	1	1	1	1	2	13	13	2	5	-58600195200	0113-01-13	January 13th, 0113	13 JAN 0113	Second	0113-01-01	First	First	First	January	013	13th	Second Friday	Friday	S1	T1	Q1	Jan	2nd Fri	Fri	0113-S1	0113-T1	0113-Q1	0113-01 (Jan)	0113-013	0113-First Semester	0113-First Trimester	0113-First Quarter	0113-01 (January)	0113-W02	0113-W-5	Weekday
1130213	1010101	1130101	1130101	1130101	1130101	1130201	1130213	0113-02-13	0101-01-01	0113-01-01	0113-01-01	0113-01-01	0113-01-01	0113-02-01	0113-02-13	1130213	2	113	1	1	1	2	7	44	13	2	1	-58597516800	0113-02-13	February 13th, 0113	13 FEB 0113	Second	0113-01-01	First	First	First	February	044	13th	Second Monday	Monday	S1	T1	Q1	Feb	2nd Mon	Mon	0113-S1	0113-T1	0113-Q1	0113-02 (Feb)	0113-044	0113-First Semester	0113-First Trimester	0113-First Quarter	0113-02 (February)	0113-W07	0113-W-1	Weekday
1130313	1010101	1130101	1130101	1130101	1130101	1130301	1130313	0113-03-13	0101-01-01	0113-01-01	0113-01-01	0113-01-01	0113-01-01	0113-03-01	0113-03-13	1130313	2	113	1	1	1	3	11	72	13	2	1	-58595097600	0113-03-13	March 13th, 0113	13 MAR 0113	Second	0113-01-01	First	First	First	March	072	13th	Second Monday	Monday	S1	T1	Q1	Mar	2nd Mon	Mon	0113-S1	0113-T1	0113-Q1	0113-03 (Mar)	0113-072	0113-First Semester	0113-First Trimester	0113-First Quarter	0113-03 (March)	0113-W11	0113-W-1	Weekday
1130413	1010101	1130101	1130101	1130101	1130401	1130401	1130410	0113-04-13	0101-01-01	0113-01-01	0113-01-01	0113-01-01	0113-04-01	0113-04-01	0113-04-10	1130413	2	113	1	1	2	4	15	103	13	2	4	-58592419200	0113-04-13	April 13th, 0113	13 APR 0113	Second	0113-01-01	First	First	Second	April	103	13th	Second Thursday	Thursday	S1	T1	Q2	Apr	2nd Thu	Thu	0113-S1	0113-T1	0113-Q2	0113-04 (Apr)	0113-103	0113-First Semester	0113-First Trimester	0113-Second Quarter	0113-04 (April)	0113-W15	0113-W-4	Weekday
1130513	1010101	1130101	1130101	1130501	1130401	1130501	1130508	0113-05-13	0101-01-01	0113-01-01	0113-01-01	0113-05-01	0113-04-01	0113-05-01	0113-05-08	1130513	2	113	1	2	2	5	19	133	13	2	6	-58589827200	0113-05-13	May 13th, 0113	13 MAY 0113	Second	0113-01-01	First	Second	Second	May	133	13th	Second Saturday	Saturday	S1	T1	Q2	May	2nd Sat	Sat	0113-S1	0113-T1	0113-Q2	0113-05 (May)	0113-133	0113-First Semester	0113-Second Trimester	0113-Second Quarter	0113-05 (May)	0113-W19	0113-W-6	Weekend
1130613	1010101	1130101	1130101	1130501	1130401	1130601	1130612	0113-06-13	0101-01-01	0113-01-01	0113-01-01	0113-05-01	0113-04-01	0113-06-01	0113-06-12	1130613	2	113	1	2	2	6	24	164	13	2	2	-58587148800	0113-06-13	June 13th, 0113	13 JUN 0113	Second	0113-01-01	First	Second	Second	June	164	13th	Second Tuesday	Tuesday	S1	T1	Q2	Jun	2nd Tue	Tue	0113-S1	0113-T1	0113-Q2	0113-06 (Jun)	0113-164	0113-First Semester	0113-Second Trimester	0113-Second Quarter	0113-06 (June)	0113-W24	0113-W-2	Weekday
1130713	1010101	1130101	1130701	1130501	1130601	1130701	1130710	0113-07-13	0101-01-01	0113-01-01	0113-07-01	0113-05-01	0113-06-01	0113-07-01	0113-07-10	1130713	2	113	2	2	3	7	28	194	13	2	4	-58584556800	0113-07-13	July 13th, 0113	13 JUL 0113	Second	0113-01-01	Second	Second	Third	July	194	13th	Second Thursday	Thursday	S2	T2	Q3	Jul	2nd Thu	Thu	0113-S2	0113-T2	0113-Q3	0113-07 (Jul)	0113-194	0113-Second Semester	0113-Second Trimester	0113-Third Quarter	0113-07 (July)	0113-W28	0113-W-4	Weekday
1130813	1010101	1130101	1130701	1130501	1130601	1130801	1130807	0113-08-13	0101-01-01	0113-01-01	0113-07-01	0113-05-01	0113-06-01	0113-08-01	0113-08-07	1130813	2	113	2	2	3	8	32	225	13	2	7	-58581878400	0113-08-13	August 13th, 0113	13 AUG 0113	Second	0113-01-01	Second	Second	Third	August	225	13th	Second Sunday	Sunday	S2	T2	Q3	Aug	2nd Sun	Sun	0113-S2	0113-T2	0113-Q3	0113-08 (Aug)	0113-225	0113-Second Semester	0113-Second Trimester	0113-Third Quarter	0113-08 (August)	0113-W32	0113-W-7	Weekend
1130913	1010101	1130101	1130701	1130901	1130601	1130901	1130911	0113-09-13	0101-01-01	0113-01-01	0113-07-01	0113-09-01	0113-06-01	0113-09-01	0113-09-11	1130913	2	113	2	3	3	9	37	256	13	2	3	-58579200000	0113-09-13	September 13th, 0113	13 SEP 0113	Second	0113-01-01	Second	Third	Third	September	256	13th	Second Wednesday	Wednesday	S2	T2	Q3	Sep	2nd Wed	Wed	0113-S2	0113-T2	0113-Q3	0113-09 (Sep)	0113-256	0113-Second Semester	0113-Third Trimester	0113-Third Quarter	0113-09 (September)	0113-W37	0113-W-3	Weekday
1131013	1010101	1130101	1130701	1130901	1131001	1131001	1131009	0113-10-13	0101-01-01	0113-01-01	0113-07-01	0113-09-01	0113-10-01	0113-10-01	0113-10-09	1131013	2	113	2	3	4	10	41	286	13	2	5	-58576608000	0113-10-13	October 13th, 0113	13 OCT 0113	Second	0113-01-01	Second	Third	Forth	October	286	13th	Second Friday	Friday	S2	T2	Q4	Oct	2nd Fri	Fri	0113-S2	0113-T2	0113-Q4	0113-10 (Oct)	0113-286	0113-Second Semester	0113-Third Trimester	0113-Forth Quarter	0113-10 (October)	0113-W41	0113-W-5	Weekday
1131113	1010101	1130101	1130701	1130901	1131001	1131101	1131113	0113-11-13	0101-01-01	0113-01-01	0113-07-01	0113-09-01	0113-10-01	0113-11-01	0113-11-13	1131113	2	113	2	3	4	11	46	317	13	2	1	-58573929600	0113-11-13	November 13th, 0113	13 NOV 0113	Second	0113-01-01	Second	Third	Forth	November	317	13th	Second Monday	Monday	S2	T2	Q4	Nov	2nd Mon	Mon	0113-S2	0113-T2	0113-Q4	0113-11 (Nov)	0113-317	0113-Second Semester	0113-Third Trimester	0113-Forth Quarter	0113-11 (November)	0113-W46	0113-W-1	Weekday
1131213	1010101	1130101	1130701	1130901	1131001	1131201	1131211	0113-12-13	0101-01-01	0113-01-01	0113-07-01	0113-09-01	0113-10-01	0113-12-01	0113-12-11	1131213	2	113	2	3	4	12	50	347	13	2	3	-58571337600	0113-12-13	December 13th, 0113	13 DEC 0113	Second	0113-01-01	Second	Third	Forth	December	347	13th	Second Wednesday	Wednesday	S2	T2	Q4	Dec	2nd Wed	Wed	0113-S2	0113-T2	0113-Q4	0113-12 (Dec)	0113-347	0113-Second Semester	0113-Third Trimester	0113-Forth Quarter	0113-12 (December)	0113-W50	0113-W-3	Weekday
1131214	1010101	1130101	1130701	1130901	1131001	1131201	1131211	0113-12-14	0101-01-01	0113-01-01	0113-07-01	0113-09-01	0113-10-01	0113-12-01	0113-12-11	1131214	2	113	2	3	4	12	50	348	14	2	4	-58571251200	0113-12-14	December 14th, 0113	14 DEC 0113	Second	0113-01-01	Second	Third	Forth	December	348	14th	Second Thursday	Thursday	S2	T2	Q4	Dec	2nd Thu	Thu	0113-S2	0113-T2	0113-Q4	0113-12 (Dec)	0113-348	0113-Second Semester	0113-Third Trimester	0113-Forth Quarter	0113-12 (December)	0113-W50	0113-W-4	Weekday
1131114	1010101	1130101	1130701	1130901	1131001	1131101	1131113	0113-11-14	0101-01-01	0113-01-01	0113-07-01	0113-09-01	0113-10-01	0113-11-01	0113-11-13	1131114	2	113	2	3	4	11	46	318	14	2	2	-58573843200	0113-11-14	November 14th, 0113	14 NOV 0113	Second	0113-01-01	Second	Third	Forth	November	318	14th	Second Tuesday	Tuesday	S2	T2	Q4	Nov	2nd Tue	Tue	0113-S2	0113-T2	0113-Q4	0113-11 (Nov)	0113-318	0113-Second Semester	0113-Third Trimester	0113-Forth Quarter	0113-11 (November)	0113-W46	0113-W-2	Weekday
1131014	1010101	1130101	1130701	1130901	1131001	1131001	1131009	0113-10-14	0101-01-01	0113-01-01	0113-07-01	0113-09-01	0113-10-01	0113-10-01	0113-10-09	1131014	2	113	2	3	4	10	41	287	14	2	6	-58576521600	0113-10-14	October 14th, 0113	14 OCT 0113	Second	0113-01-01	Second	Third	Forth	October	287	14th	Second Saturday	Saturday	S2	T2	Q4	Oct	2nd Sat	Sat	0113-S2	0113-T2	0113-Q4	0113-10 (Oct)	0113-287	0113-Second Semester	0113-Third Trimester	0113-Forth Quarter	0113-10 (October)	0113-W41	0113-W-6	Weekend
1130914	1010101	1130101	1130701	1130901	1130601	1130901	1130911	0113-09-14	0101-01-01	0113-01-01	0113-07-01	0113-09-01	0113-06-01	0113-09-01	0113-09-11	1130914	2	113	2	3	3	9	37	257	14	2	4	-58579113600	0113-09-14	September 14th, 0113	14 SEP 0113	Second	0113-01-01	Second	Third	Third	September	257	14th	Second Thursday	Thursday	S2	T2	Q3	Sep	2nd Thu	Thu	0113-S2	0113-T2	0113-Q3	0113-09 (Sep)	0113-257	0113-Second Semester	0113-Third Trimester	0113-Third Quarter	0113-09 (September)	0113-W37	0113-W-4	Weekday
1130814	1010101	1130101	1130701	1130501	1130601	1130801	1130814	0113-08-14	0101-01-01	0113-01-01	0113-07-01	0113-05-01	0113-06-01	0113-08-01	0113-08-14	1130814	2	113	2	2	3	8	33	226	14	2	1	-58581792000	0113-08-14	August 14th, 0113	14 AUG 0113	Second	0113-01-01	Second	Second	Third	August	226	14th	Second Monday	Monday	S2	T2	Q3	Aug	2nd Mon	Mon	0113-S2	0113-T2	0113-Q3	0113-08 (Aug)	0113-226	0113-Second Semester	0113-Second Trimester	0113-Third Quarter	0113-08 (August)	0113-W33	0113-W-1	Weekday
1130714	1010101	1130101	1130701	1130501	1130601	1130701	1130710	0113-07-14	0101-01-01	0113-01-01	0113-07-01	0113-05-01	0113-06-01	0113-07-01	0113-07-10	1130714	2	113	2	2	3	7	28	195	14	2	5	-58584470400	0113-07-14	July 14th, 0113	14 JUL 0113	Second	0113-01-01	Second	Second	Third	July	195	14th	Second Friday	Friday	S2	T2	Q3	Jul	2nd Fri	Fri	0113-S2	0113-T2	0113-Q3	0113-07 (Jul)	0113-195	0113-Second Semester	0113-Second Trimester	0113-Third Quarter	0113-07 (July)	0113-W28	0113-W-5	Weekday
1130614	1010101	1130101	1130101	1130501	1130401	1130601	1130612	0113-06-14	0101-01-01	0113-01-01	0113-01-01	0113-05-01	0113-04-01	0113-06-01	0113-06-12	1130614	2	113	1	2	2	6	24	165	14	2	3	-58587062400	0113-06-14	June 14th, 0113	14 JUN 0113	Second	0113-01-01	First	Second	Second	June	165	14th	Second Wednesday	Wednesday	S1	T1	Q2	Jun	2nd Wed	Wed	0113-S1	0113-T1	0113-Q2	0113-06 (Jun)	0113-165	0113-First Semester	0113-Second Trimester	0113-Second Quarter	0113-06 (June)	0113-W24	0113-W-3	Weekday
1130514	1010101	1130101	1130101	1130501	1130401	1130501	1130508	0113-05-14	0101-01-01	0113-01-01	0113-01-01	0113-05-01	0113-04-01	0113-05-01	0113-05-08	1130514	2	113	1	2	2	5	19	134	14	2	7	-58589740800	0113-05-14	May 14th, 0113	14 MAY 0113	Second	0113-01-01	First	Second	Second	May	134	14th	Second Sunday	Sunday	S1	T1	Q2	May	2nd Sun	Sun	0113-S1	0113-T1	0113-Q2	0113-05 (May)	0113-134	0113-First Semester	0113-Second Trimester	0113-Second Quarter	0113-05 (May)	0113-W19	0113-W-7	Weekend
1130414	1010101	1130101	1130101	1130101	1130401	1130401	1130410	0113-04-14	0101-01-01	0113-01-01	0113-01-01	0113-01-01	0113-04-01	0113-04-01	0113-04-10	1130414	2	113	1	1	2	4	15	104	14	2	5	-58592332800	0113-04-14	April 14th, 0113	14 APR 0113	Second	0113-01-01	First	First	Second	April	104	14th	Second Friday	Friday	S1	T1	Q2	Apr	2nd Fri	Fri	0113-S1	0113-T1	0113-Q2	0113-04 (Apr)	0113-104	0113-First Semester	0113-First Trimester	0113-Second Quarter	0113-04 (April)	0113-W15	0113-W-5	Weekday
1130314	1010101	1130101	1130101	1130101	1130101	1130301	1130313	0113-03-14	0101-01-01	0113-01-01	0113-01-01	0113-01-01	0113-01-01	0113-03-01	0113-03-13	1130314	2	113	1	1	1	3	11	73	14	2	2	-58595011200	0113-03-14	March 14th, 0113	14 MAR 0113	Second	0113-01-01	First	First	First	March	073	14th	Second Tuesday	Tuesday	S1	T1	Q1	Mar	2nd Tue	Tue	0113-S1	0113-T1	0113-Q1	0113-03 (Mar)	0113-073	0113-First Semester	0113-First Trimester	0113-First Quarter	0113-03 (March)	0113-W11	0113-W-2	Weekday
1130214	1010101	1130101	1130101	1130101	1130101	1130201	1130213	0113-02-14	0101-01-01	0113-01-01	0113-01-01	0113-01-01	0113-01-01	0113-02-01	0113-02-13	1130214	2	113	1	1	1	2	7	45	14	2	2	-58597430400	0113-02-14	February 14th, 0113	14 FEB 0113	Second	0113-01-01	First	First	First	February	045	14th	Second Tuesday	Tuesday	S1	T1	Q1	Feb	2nd Tue	Tue	0113-S1	0113-T1	0113-Q1	0113-02 (Feb)	0113-045	0113-First Semester	0113-First Trimester	0113-First Quarter	0113-02 (February)	0113-W07	0113-W-2	Weekday
1130114	1010101	1130101	1130101	1130101	1130101	1130101	1130109	0113-01-14	0101-01-01	0113-01-01	0113-01-01	0113-01-01	0113-01-01	0113-01-01	0113-01-09	1130114	2	113	1	1	1	1	2	14	14	2	6	-58600108800	0113-01-14	January 14th, 0113	14 JAN 0113	Second	0113-01-01	First	First	First	January	014	14th	Second Saturday	Saturday	S1	T1	Q1	Jan	2nd Sat	Sat	0113-S1	0113-T1	0113-Q1	0113-01 (Jan)	0113-014	0113-First Semester	0113-First Trimester	0113-First Quarter	0113-01 (January)	0113-W02	0113-W-6	Weekend
1130115	1010101	1130101	1130101	1130101	1130101	1130101	1130109	0113-01-15	0101-01-01	0113-01-01	0113-01-01	0113-01-01	0113-01-01	0113-01-01	0113-01-09	1130115	2	113	1	1	1	1	2	15	15	3	7	-58600022400	0113-01-15	January 15th, 0113	15 JAN 0113	Second	0113-01-01	First	First	First	January	015	15th	Third Sunday	Sunday	S1	T1	Q1	Jan	3rd Sun	Sun	0113-S1	0113-T1	0113-Q1	0113-01 (Jan)	0113-015	0113-First Semester	0113-First Trimester	0113-First Quarter	0113-01 (January)	0113-W02	0113-W-7	Weekend
1130215	1010101	1130101	1130101	1130101	1130101	1130201	1130213	0113-02-15	0101-01-01	0113-01-01	0113-01-01	0113-01-01	0113-01-01	0113-02-01	0113-02-13	1130215	2	113	1	1	1	2	7	46	15	3	3	-58597344000	0113-02-15	February 15th, 0113	15 FEB 0113	Second	0113-01-01	First	First	First	February	046	15th	Third Wednesday	Wednesday	S1	T1	Q1	Feb	3rd Wed	Wed	0113-S1	0113-T1	0113-Q1	0113-02 (Feb)	0113-046	0113-First Semester	0113-First Trimester	0113-First Quarter	0113-02 (February)	0113-W07	0113-W-3	Weekday
1130315	1010101	1130101	1130101	1130101	1130101	1130301	1130313	0113-03-15	0101-01-01	0113-01-01	0113-01-01	0113-01-01	0113-01-01	0113-03-01	0113-03-13	1130315	2	113	1	1	1	3	11	74	15	3	3	-58594924800	0113-03-15	March 15th, 0113	15 MAR 0113	Second	0113-01-01	First	First	First	March	074	15th	Third Wednesday	Wednesday	S1	T1	Q1	Mar	3rd Wed	Wed	0113-S1	0113-T1	0113-Q1	0113-03 (Mar)	0113-074	0113-First Semester	0113-First Trimester	0113-First Quarter	0113-03 (March)	0113-W11	0113-W-3	Weekday
1130415	1010101	1130101	1130101	1130101	1130401	1130401	1130410	0113-04-15	0101-01-01	0113-01-01	0113-01-01	0113-01-01	0113-04-01	0113-04-01	0113-04-10	1130415	2	113	1	1	2	4	15	105	15	3	6	-58592246400	0113-04-15	April 15th, 0113	15 APR 0113	Second	0113-01-01	First	First	Second	April	105	15th	Third Saturday	Saturday	S1	T1	Q2	Apr	3rd Sat	Sat	0113-S1	0113-T1	0113-Q2	0113-04 (Apr)	0113-105	0113-First Semester	0113-First Trimester	0113-Second Quarter	0113-04 (April)	0113-W15	0113-W-6	Weekend
1130515	1010101	1130101	1130101	1130501	1130401	1130501	1130515	0113-05-15	0101-01-01	0113-01-01	0113-01-01	0113-05-01	0113-04-01	0113-05-01	0113-05-15	1130515	2	113	1	2	2	5	20	135	15	3	1	-58589654400	0113-05-15	May 15th, 0113	15 MAY 0113	Second	0113-01-01	First	Second	Second	May	135	15th	Third Monday	Monday	S1	T1	Q2	May	3rd Mon	Mon	0113-S1	0113-T1	0113-Q2	0113-05 (May)	0113-135	0113-First Semester	0113-Second Trimester	0113-Second Quarter	0113-05 (May)	0113-W20	0113-W-1	Weekday
1130615	1010101	1130101	1130101	1130501	1130401	1130601	1130612	0113-06-15	0101-01-01	0113-01-01	0113-01-01	0113-05-01	0113-04-01	0113-06-01	0113-06-12	1130615	2	113	1	2	2	6	24	166	15	3	4	-58586976000	0113-06-15	June 15th, 0113	15 JUN 0113	Second	0113-01-01	First	Second	Second	June	166	15th	Third Thursday	Thursday	S1	T1	Q2	Jun	3rd Thu	Thu	0113-S1	0113-T1	0113-Q2	0113-06 (Jun)	0113-166	0113-First Semester	0113-Second Trimester	0113-Second Quarter	0113-06 (June)	0113-W24	0113-W-4	Weekday
1130715	1010101	1130101	1130701	1130501	1130601	1130701	1130710	0113-07-15	0101-01-01	0113-01-01	0113-07-01	0113-05-01	0113-06-01	0113-07-01	0113-07-10	1130715	2	113	2	2	3	7	28	196	15	3	6	-58584384000	0113-07-15	July 15th, 0113	15 JUL 0113	Second	0113-01-01	Second	Second	Third	July	196	15th	Third Saturday	Saturday	S2	T2	Q3	Jul	3rd Sat	Sat	0113-S2	0113-T2	0113-Q3	0113-07 (Jul)	0113-196	0113-Second Semester	0113-Second Trimester	0113-Third Quarter	0113-07 (July)	0113-W28	0113-W-6	Weekend
1130815	1010101	1130101	1130701	1130501	1130601	1130801	1130814	0113-08-15	0101-01-01	0113-01-01	0113-07-01	0113-05-01	0113-06-01	0113-08-01	0113-08-14	1130815	2	113	2	2	3	8	33	227	15	3	2	-58581705600	0113-08-15	August 15th, 0113	15 AUG 0113	Second	0113-01-01	Second	Second	Third	August	227	15th	Third Tuesday	Tuesday	S2	T2	Q3	Aug	3rd Tue	Tue	0113-S2	0113-T2	0113-Q3	0113-08 (Aug)	0113-227	0113-Second Semester	0113-Second Trimester	0113-Third Quarter	0113-08 (August)	0113-W33	0113-W-2	Weekday
1130915	1010101	1130101	1130701	1130901	1130601	1130901	1130911	0113-09-15	0101-01-01	0113-01-01	0113-07-01	0113-09-01	0113-06-01	0113-09-01	0113-09-11	1130915	2	113	2	3	3	9	37	258	15	3	5	-58579027200	0113-09-15	September 15th, 0113	15 SEP 0113	Second	0113-01-01	Second	Third	Third	September	258	15th	Third Friday	Friday	S2	T2	Q3	Sep	3rd Fri	Fri	0113-S2	0113-T2	0113-Q3	0113-09 (Sep)	0113-258	0113-Second Semester	0113-Third Trimester	0113-Third Quarter	0113-09 (September)	0113-W37	0113-W-5	Weekday
1131015	1010101	1130101	1130701	1130901	1131001	1131001	1131009	0113-10-15	0101-01-01	0113-01-01	0113-07-01	0113-09-01	0113-10-01	0113-10-01	0113-10-09	1131015	2	113	2	3	4	10	41	288	15	3	7	-58576435200	0113-10-15	October 15th, 0113	15 OCT 0113	Second	0113-01-01	Second	Third	Forth	October	288	15th	Third Sunday	Sunday	S2	T2	Q4	Oct	3rd Sun	Sun	0113-S2	0113-T2	0113-Q4	0113-10 (Oct)	0113-288	0113-Second Semester	0113-Third Trimester	0113-Forth Quarter	0113-10 (October)	0113-W41	0113-W-7	Weekend
1131115	1010101	1130101	1130701	1130901	1131001	1131101	1131113	0113-11-15	0101-01-01	0113-01-01	0113-07-01	0113-09-01	0113-10-01	0113-11-01	0113-11-13	1131115	2	113	2	3	4	11	46	319	15	3	3	-58573756800	0113-11-15	November 15th, 0113	15 NOV 0113	Second	0113-01-01	Second	Third	Forth	November	319	15th	Third Wednesday	Wednesday	S2	T2	Q4	Nov	3rd Wed	Wed	0113-S2	0113-T2	0113-Q4	0113-11 (Nov)	0113-319	0113-Second Semester	0113-Third Trimester	0113-Forth Quarter	0113-11 (November)	0113-W46	0113-W-3	Weekday
1131215	1010101	1130101	1130701	1130901	1131001	1131201	1131211	0113-12-15	0101-01-01	0113-01-01	0113-07-01	0113-09-01	0113-10-01	0113-12-01	0113-12-11	1131215	2	113	2	3	4	12	50	349	15	3	5	-58571164800	0113-12-15	December 15th, 0113	15 DEC 0113	Second	0113-01-01	Second	Third	Forth	December	349	15th	Third Friday	Friday	S2	T2	Q4	Dec	3rd Fri	Fri	0113-S2	0113-T2	0113-Q4	0113-12 (Dec)	0113-349	0113-Second Semester	0113-Third Trimester	0113-Forth Quarter	0113-12 (December)	0113-W50	0113-W-5	Weekday
1131216	1010101	1130101	1130701	1130901	1131001	1131201	1131211	0113-12-16	0101-01-01	0113-01-01	0113-07-01	0113-09-01	0113-10-01	0113-12-01	0113-12-11	1131216	2	113	2	3	4	12	50	350	16	3	6	-58571078400	0113-12-16	December 16th, 0113	16 DEC 0113	Second	0113-01-01	Second	Third	Forth	December	350	16th	Third Saturday	Saturday	S2	T2	Q4	Dec	3rd Sat	Sat	0113-S2	0113-T2	0113-Q4	0113-12 (Dec)	0113-350	0113-Second Semester	0113-Third Trimester	0113-Forth Quarter	0113-12 (December)	0113-W50	0113-W-6	Weekend
1131116	1010101	1130101	1130701	1130901	1131001	1131101	1131113	0113-11-16	0101-01-01	0113-01-01	0113-07-01	0113-09-01	0113-10-01	0113-11-01	0113-11-13	1131116	2	113	2	3	4	11	46	320	16	3	4	-58573670400	0113-11-16	November 16th, 0113	16 NOV 0113	Second	0113-01-01	Second	Third	Forth	November	320	16th	Third Thursday	Thursday	S2	T2	Q4	Nov	3rd Thu	Thu	0113-S2	0113-T2	0113-Q4	0113-11 (Nov)	0113-320	0113-Second Semester	0113-Third Trimester	0113-Forth Quarter	0113-11 (November)	0113-W46	0113-W-4	Weekday
1131016	1010101	1130101	1130701	1130901	1131001	1131001	1131016	0113-10-16	0101-01-01	0113-01-01	0113-07-01	0113-09-01	0113-10-01	0113-10-01	0113-10-16	1131016	2	113	2	3	4	10	42	289	16	3	1	-58576348800	0113-10-16	October 16th, 0113	16 OCT 0113	Second	0113-01-01	Second	Third	Forth	October	289	16th	Third Monday	Monday	S2	T2	Q4	Oct	3rd Mon	Mon	0113-S2	0113-T2	0113-Q4	0113-10 (Oct)	0113-289	0113-Second Semester	0113-Third Trimester	0113-Forth Quarter	0113-10 (October)	0113-W42	0113-W-1	Weekday
1130916	1010101	1130101	1130701	1130901	1130601	1130901	1130911	0113-09-16	0101-01-01	0113-01-01	0113-07-01	0113-09-01	0113-06-01	0113-09-01	0113-09-11	1130916	2	113	2	3	3	9	37	259	16	3	6	-58578940800	0113-09-16	September 16th, 0113	16 SEP 0113	Second	0113-01-01	Second	Third	Third	September	259	16th	Third Saturday	Saturday	S2	T2	Q3	Sep	3rd Sat	Sat	0113-S2	0113-T2	0113-Q3	0113-09 (Sep)	0113-259	0113-Second Semester	0113-Third Trimester	0113-Third Quarter	0113-09 (September)	0113-W37	0113-W-6	Weekend
1130816	1010101	1130101	1130701	1130501	1130601	1130801	1130814	0113-08-16	0101-01-01	0113-01-01	0113-07-01	0113-05-01	0113-06-01	0113-08-01	0113-08-14	1130816	2	113	2	2	3	8	33	228	16	3	3	-58581619200	0113-08-16	August 16th, 0113	16 AUG 0113	Second	0113-01-01	Second	Second	Third	August	228	16th	Third Wednesday	Wednesday	S2	T2	Q3	Aug	3rd Wed	Wed	0113-S2	0113-T2	0113-Q3	0113-08 (Aug)	0113-228	0113-Second Semester	0113-Second Trimester	0113-Third Quarter	0113-08 (August)	0113-W33	0113-W-3	Weekday
1130716	1010101	1130101	1130701	1130501	1130601	1130701	1130710	0113-07-16	0101-01-01	0113-01-01	0113-07-01	0113-05-01	0113-06-01	0113-07-01	0113-07-10	1130716	2	113	2	2	3	7	28	197	16	3	7	-58584297600	0113-07-16	July 16th, 0113	16 JUL 0113	Second	0113-01-01	Second	Second	Third	July	197	16th	Third Sunday	Sunday	S2	T2	Q3	Jul	3rd Sun	Sun	0113-S2	0113-T2	0113-Q3	0113-07 (Jul)	0113-197	0113-Second Semester	0113-Second Trimester	0113-Third Quarter	0113-07 (July)	0113-W28	0113-W-7	Weekend
1130616	1010101	1130101	1130101	1130501	1130401	1130601	1130612	0113-06-16	0101-01-01	0113-01-01	0113-01-01	0113-05-01	0113-04-01	0113-06-01	0113-06-12	1130616	2	113	1	2	2	6	24	167	16	3	5	-58586889600	0113-06-16	June 16th, 0113	16 JUN 0113	Second	0113-01-01	First	Second	Second	June	167	16th	Third Friday	Friday	S1	T1	Q2	Jun	3rd Fri	Fri	0113-S1	0113-T1	0113-Q2	0113-06 (Jun)	0113-167	0113-First Semester	0113-Second Trimester	0113-Second Quarter	0113-06 (June)	0113-W24	0113-W-5	Weekday
1130516	1010101	1130101	1130101	1130501	1130401	1130501	1130515	0113-05-16	0101-01-01	0113-01-01	0113-01-01	0113-05-01	0113-04-01	0113-05-01	0113-05-15	1130516	2	113	1	2	2	5	20	136	16	3	2	-58589568000	0113-05-16	May 16th, 0113	16 MAY 0113	Second	0113-01-01	First	Second	Second	May	136	16th	Third Tuesday	Tuesday	S1	T1	Q2	May	3rd Tue	Tue	0113-S1	0113-T1	0113-Q2	0113-05 (May)	0113-136	0113-First Semester	0113-Second Trimester	0113-Second Quarter	0113-05 (May)	0113-W20	0113-W-2	Weekday
1130416	1010101	1130101	1130101	1130101	1130401	1130401	1130410	0113-04-16	0101-01-01	0113-01-01	0113-01-01	0113-01-01	0113-04-01	0113-04-01	0113-04-10	1130416	2	113	1	1	2	4	15	106	16	3	7	-58592160000	0113-04-16	April 16th, 0113	16 APR 0113	Second	0113-01-01	First	First	Second	April	106	16th	Third Sunday	Sunday	S1	T1	Q2	Apr	3rd Sun	Sun	0113-S1	0113-T1	0113-Q2	0113-04 (Apr)	0113-106	0113-First Semester	0113-First Trimester	0113-Second Quarter	0113-04 (April)	0113-W15	0113-W-7	Weekend
1130316	1010101	1130101	1130101	1130101	1130101	1130301	1130313	0113-03-16	0101-01-01	0113-01-01	0113-01-01	0113-01-01	0113-01-01	0113-03-01	0113-03-13	1130316	2	113	1	1	1	3	11	75	16	3	4	-58594838400	0113-03-16	March 16th, 0113	16 MAR 0113	Second	0113-01-01	First	First	First	March	075	16th	Third Thursday	Thursday	S1	T1	Q1	Mar	3rd Thu	Thu	0113-S1	0113-T1	0113-Q1	0113-03 (Mar)	0113-075	0113-First Semester	0113-First Trimester	0113-First Quarter	0113-03 (March)	0113-W11	0113-W-4	Weekday
1130216	1010101	1130101	1130101	1130101	1130101	1130201	1130213	0113-02-16	0101-01-01	0113-01-01	0113-01-01	0113-01-01	0113-01-01	0113-02-01	0113-02-13	1130216	2	113	1	1	1	2	7	47	16	3	4	-58597257600	0113-02-16	February 16th, 0113	16 FEB 0113	Second	0113-01-01	First	First	First	February	047	16th	Third Thursday	Thursday	S1	T1	Q1	Feb	3rd Thu	Thu	0113-S1	0113-T1	0113-Q1	0113-02 (Feb)	0113-047	0113-First Semester	0113-First Trimester	0113-First Quarter	0113-02 (February)	0113-W07	0113-W-4	Weekday
1130116	1010101	1130101	1130101	1130101	1130101	1130101	1130116	0113-01-16	0101-01-01	0113-01-01	0113-01-01	0113-01-01	0113-01-01	0113-01-01	0113-01-16	1130116	2	113	1	1	1	1	3	16	16	3	1	-58599936000	0113-01-16	January 16th, 0113	16 JAN 0113	Second	0113-01-01	First	First	First	January	016	16th	Third Monday	Monday	S1	T1	Q1	Jan	3rd Mon	Mon	0113-S1	0113-T1	0113-Q1	0113-01 (Jan)	0113-016	0113-First Semester	0113-First Trimester	0113-First Quarter	0113-01 (January)	0113-W03	0113-W-1	Weekday
1130117	1010101	1130101	1130101	1130101	1130101	1130101	1130116	0113-01-17	0101-01-01	0113-01-01	0113-01-01	0113-01-01	0113-01-01	0113-01-01	0113-01-16	1130117	2	113	1	1	1	1	3	17	17	3	2	-58599849600	0113-01-17	January 17th, 0113	17 JAN 0113	Second	0113-01-01	First	First	First	January	017	17th	Third Tuesday	Tuesday	S1	T1	Q1	Jan	3rd Tue	Tue	0113-S1	0113-T1	0113-Q1	0113-01 (Jan)	0113-017	0113-First Semester	0113-First Trimester	0113-First Quarter	0113-01 (January)	0113-W03	0113-W-2	Weekday
1130217	1010101	1130101	1130101	1130101	1130101	1130201	1130213	0113-02-17	0101-01-01	0113-01-01	0113-01-01	0113-01-01	0113-01-01	0113-02-01	0113-02-13	1130217	2	113	1	1	1	2	7	48	17	3	5	-58597171200	0113-02-17	February 17th, 0113	17 FEB 0113	Second	0113-01-01	First	First	First	February	048	17th	Third Friday	Friday	S1	T1	Q1	Feb	3rd Fri	Fri	0113-S1	0113-T1	0113-Q1	0113-02 (Feb)	0113-048	0113-First Semester	0113-First Trimester	0113-First Quarter	0113-02 (February)	0113-W07	0113-W-5	Weekday
1130317	1010101	1130101	1130101	1130101	1130101	1130301	1130313	0113-03-17	0101-01-01	0113-01-01	0113-01-01	0113-01-01	0113-01-01	0113-03-01	0113-03-13	1130317	2	113	1	1	1	3	11	76	17	3	5	-58594752000	0113-03-17	March 17th, 0113	17 MAR 0113	Second	0113-01-01	First	First	First	March	076	17th	Third Friday	Friday	S1	T1	Q1	Mar	3rd Fri	Fri	0113-S1	0113-T1	0113-Q1	0113-03 (Mar)	0113-076	0113-First Semester	0113-First Trimester	0113-First Quarter	0113-03 (March)	0113-W11	0113-W-5	Weekday
1130417	1010101	1130101	1130101	1130101	1130401	1130401	1130417	0113-04-17	0101-01-01	0113-01-01	0113-01-01	0113-01-01	0113-04-01	0113-04-01	0113-04-17	1130417	2	113	1	1	2	4	16	107	17	3	1	-58592073600	0113-04-17	April 17th, 0113	17 APR 0113	Second	0113-01-01	First	First	Second	April	107	17th	Third Monday	Monday	S1	T1	Q2	Apr	3rd Mon	Mon	0113-S1	0113-T1	0113-Q2	0113-04 (Apr)	0113-107	0113-First Semester	0113-First Trimester	0113-Second Quarter	0113-04 (April)	0113-W16	0113-W-1	Weekday
1130517	1010101	1130101	1130101	1130501	1130401	1130501	1130515	0113-05-17	0101-01-01	0113-01-01	0113-01-01	0113-05-01	0113-04-01	0113-05-01	0113-05-15	1130517	2	113	1	2	2	5	20	137	17	3	3	-58589481600	0113-05-17	May 17th, 0113	17 MAY 0113	Second	0113-01-01	First	Second	Second	May	137	17th	Third Wednesday	Wednesday	S1	T1	Q2	May	3rd Wed	Wed	0113-S1	0113-T1	0113-Q2	0113-05 (May)	0113-137	0113-First Semester	0113-Second Trimester	0113-Second Quarter	0113-05 (May)	0113-W20	0113-W-3	Weekday
1130617	1010101	1130101	1130101	1130501	1130401	1130601	1130612	0113-06-17	0101-01-01	0113-01-01	0113-01-01	0113-05-01	0113-04-01	0113-06-01	0113-06-12	1130617	2	113	1	2	2	6	24	168	17	3	6	-58586803200	0113-06-17	June 17th, 0113	17 JUN 0113	Second	0113-01-01	First	Second	Second	June	168	17th	Third Saturday	Saturday	S1	T1	Q2	Jun	3rd Sat	Sat	0113-S1	0113-T1	0113-Q2	0113-06 (Jun)	0113-168	0113-First Semester	0113-Second Trimester	0113-Second Quarter	0113-06 (June)	0113-W24	0113-W-6	Weekend
1130717	1010101	1130101	1130701	1130501	1130601	1130701	1130717	0113-07-17	0101-01-01	0113-01-01	0113-07-01	0113-05-01	0113-06-01	0113-07-01	0113-07-17	1130717	2	113	2	2	3	7	29	198	17	3	1	-58584211200	0113-07-17	July 17th, 0113	17 JUL 0113	Second	0113-01-01	Second	Second	Third	July	198	17th	Third Monday	Monday	S2	T2	Q3	Jul	3rd Mon	Mon	0113-S2	0113-T2	0113-Q3	0113-07 (Jul)	0113-198	0113-Second Semester	0113-Second Trimester	0113-Third Quarter	0113-07 (July)	0113-W29	0113-W-1	Weekday
1130817	1010101	1130101	1130701	1130501	1130601	1130801	1130814	0113-08-17	0101-01-01	0113-01-01	0113-07-01	0113-05-01	0113-06-01	0113-08-01	0113-08-14	1130817	2	113	2	2	3	8	33	229	17	3	4	-58581532800	0113-08-17	August 17th, 0113	17 AUG 0113	Second	0113-01-01	Second	Second	Third	August	229	17th	Third Thursday	Thursday	S2	T2	Q3	Aug	3rd Thu	Thu	0113-S2	0113-T2	0113-Q3	0113-08 (Aug)	0113-229	0113-Second Semester	0113-Second Trimester	0113-Third Quarter	0113-08 (August)	0113-W33	0113-W-4	Weekday
1130917	1010101	1130101	1130701	1130901	1130601	1130901	1130911	0113-09-17	0101-01-01	0113-01-01	0113-07-01	0113-09-01	0113-06-01	0113-09-01	0113-09-11	1130917	2	113	2	3	3	9	37	260	17	3	7	-58578854400	0113-09-17	September 17th, 0113	17 SEP 0113	Second	0113-01-01	Second	Third	Third	September	260	17th	Third Sunday	Sunday	S2	T2	Q3	Sep	3rd Sun	Sun	0113-S2	0113-T2	0113-Q3	0113-09 (Sep)	0113-260	0113-Second Semester	0113-Third Trimester	0113-Third Quarter	0113-09 (September)	0113-W37	0113-W-7	Weekend
1131017	1010101	1130101	1130701	1130901	1131001	1131001	1131016	0113-10-17	0101-01-01	0113-01-01	0113-07-01	0113-09-01	0113-10-01	0113-10-01	0113-10-16	1131017	2	113	2	3	4	10	42	290	17	3	2	-58576262400	0113-10-17	October 17th, 0113	17 OCT 0113	Second	0113-01-01	Second	Third	Forth	October	290	17th	Third Tuesday	Tuesday	S2	T2	Q4	Oct	3rd Tue	Tue	0113-S2	0113-T2	0113-Q4	0113-10 (Oct)	0113-290	0113-Second Semester	0113-Third Trimester	0113-Forth Quarter	0113-10 (October)	0113-W42	0113-W-2	Weekday
1131117	1010101	1130101	1130701	1130901	1131001	1131101	1131113	0113-11-17	0101-01-01	0113-01-01	0113-07-01	0113-09-01	0113-10-01	0113-11-01	0113-11-13	1131117	2	113	2	3	4	11	46	321	17	3	5	-58573584000	0113-11-17	November 17th, 0113	17 NOV 0113	Second	0113-01-01	Second	Third	Forth	November	321	17th	Third Friday	Friday	S2	T2	Q4	Nov	3rd Fri	Fri	0113-S2	0113-T2	0113-Q4	0113-11 (Nov)	0113-321	0113-Second Semester	0113-Third Trimester	0113-Forth Quarter	0113-11 (November)	0113-W46	0113-W-5	Weekday
1131217	1010101	1130101	1130701	1130901	1131001	1131201	1131211	0113-12-17	0101-01-01	0113-01-01	0113-07-01	0113-09-01	0113-10-01	0113-12-01	0113-12-11	1131217	2	113	2	3	4	12	50	351	17	3	7	-58570992000	0113-12-17	December 17th, 0113	17 DEC 0113	Second	0113-01-01	Second	Third	Forth	December	351	17th	Third Sunday	Sunday	S2	T2	Q4	Dec	3rd Sun	Sun	0113-S2	0113-T2	0113-Q4	0113-12 (Dec)	0113-351	0113-Second Semester	0113-Third Trimester	0113-Forth Quarter	0113-12 (December)	0113-W50	0113-W-7	Weekend
1131218	1010101	1130101	1130701	1130901	1131001	1131201	1131218	0113-12-18	0101-01-01	0113-01-01	0113-07-01	0113-09-01	0113-10-01	0113-12-01	0113-12-18	1131218	2	113	2	3	4	12	51	352	18	3	1	-58570905600	0113-12-18	December 18th, 0113	18 DEC 0113	Second	0113-01-01	Second	Third	Forth	December	352	18th	Third Monday	Monday	S2	T2	Q4	Dec	3rd Mon	Mon	0113-S2	0113-T2	0113-Q4	0113-12 (Dec)	0113-352	0113-Second Semester	0113-Third Trimester	0113-Forth Quarter	0113-12 (December)	0113-W51	0113-W-1	Weekday
1131118	1010101	1130101	1130701	1130901	1131001	1131101	1131113	0113-11-18	0101-01-01	0113-01-01	0113-07-01	0113-09-01	0113-10-01	0113-11-01	0113-11-13	1131118	2	113	2	3	4	11	46	322	18	3	6	-58573497600	0113-11-18	November 18th, 0113	18 NOV 0113	Second	0113-01-01	Second	Third	Forth	November	322	18th	Third Saturday	Saturday	S2	T2	Q4	Nov	3rd Sat	Sat	0113-S2	0113-T2	0113-Q4	0113-11 (Nov)	0113-322	0113-Second Semester	0113-Third Trimester	0113-Forth Quarter	0113-11 (November)	0113-W46	0113-W-6	Weekend
1131018	1010101	1130101	1130701	1130901	1131001	1131001	1131016	0113-10-18	0101-01-01	0113-01-01	0113-07-01	0113-09-01	0113-10-01	0113-10-01	0113-10-16	1131018	2	113	2	3	4	10	42	291	18	3	3	-58576176000	0113-10-18	October 18th, 0113	18 OCT 0113	Second	0113-01-01	Second	Third	Forth	October	291	18th	Third Wednesday	Wednesday	S2	T2	Q4	Oct	3rd Wed	Wed	0113-S2	0113-T2	0113-Q4	0113-10 (Oct)	0113-291	0113-Second Semester	0113-Third Trimester	0113-Forth Quarter	0113-10 (October)	0113-W42	0113-W-3	Weekday
1130918	1010101	1130101	1130701	1130901	1130601	1130901	1130918	0113-09-18	0101-01-01	0113-01-01	0113-07-01	0113-09-01	0113-06-01	0113-09-01	0113-09-18	1130918	2	113	2	3	3	9	38	261	18	3	1	-58578768000	0113-09-18	September 18th, 0113	18 SEP 0113	Second	0113-01-01	Second	Third	Third	September	261	18th	Third Monday	Monday	S2	T2	Q3	Sep	3rd Mon	Mon	0113-S2	0113-T2	0113-Q3	0113-09 (Sep)	0113-261	0113-Second Semester	0113-Third Trimester	0113-Third Quarter	0113-09 (September)	0113-W38	0113-W-1	Weekday
1130818	1010101	1130101	1130701	1130501	1130601	1130801	1130814	0113-08-18	0101-01-01	0113-01-01	0113-07-01	0113-05-01	0113-06-01	0113-08-01	0113-08-14	1130818	2	113	2	2	3	8	33	230	18	3	5	-58581446400	0113-08-18	August 18th, 0113	18 AUG 0113	Second	0113-01-01	Second	Second	Third	August	230	18th	Third Friday	Friday	S2	T2	Q3	Aug	3rd Fri	Fri	0113-S2	0113-T2	0113-Q3	0113-08 (Aug)	0113-230	0113-Second Semester	0113-Second Trimester	0113-Third Quarter	0113-08 (August)	0113-W33	0113-W-5	Weekday
1130718	1010101	1130101	1130701	1130501	1130601	1130701	1130717	0113-07-18	0101-01-01	0113-01-01	0113-07-01	0113-05-01	0113-06-01	0113-07-01	0113-07-17	1130718	2	113	2	2	3	7	29	199	18	3	2	-58584124800	0113-07-18	July 18th, 0113	18 JUL 0113	Second	0113-01-01	Second	Second	Third	July	199	18th	Third Tuesday	Tuesday	S2	T2	Q3	Jul	3rd Tue	Tue	0113-S2	0113-T2	0113-Q3	0113-07 (Jul)	0113-199	0113-Second Semester	0113-Second Trimester	0113-Third Quarter	0113-07 (July)	0113-W29	0113-W-2	Weekday
1130618	1010101	1130101	1130101	1130501	1130401	1130601	1130612	0113-06-18	0101-01-01	0113-01-01	0113-01-01	0113-05-01	0113-04-01	0113-06-01	0113-06-12	1130618	2	113	1	2	2	6	24	169	18	3	7	-58586716800	0113-06-18	June 18th, 0113	18 JUN 0113	Second	0113-01-01	First	Second	Second	June	169	18th	Third Sunday	Sunday	S1	T1	Q2	Jun	3rd Sun	Sun	0113-S1	0113-T1	0113-Q2	0113-06 (Jun)	0113-169	0113-First Semester	0113-Second Trimester	0113-Second Quarter	0113-06 (June)	0113-W24	0113-W-7	Weekend
1130518	1010101	1130101	1130101	1130501	1130401	1130501	1130515	0113-05-18	0101-01-01	0113-01-01	0113-01-01	0113-05-01	0113-04-01	0113-05-01	0113-05-15	1130518	2	113	1	2	2	5	20	138	18	3	4	-58589395200	0113-05-18	May 18th, 0113	18 MAY 0113	Second	0113-01-01	First	Second	Second	May	138	18th	Third Thursday	Thursday	S1	T1	Q2	May	3rd Thu	Thu	0113-S1	0113-T1	0113-Q2	0113-05 (May)	0113-138	0113-First Semester	0113-Second Trimester	0113-Second Quarter	0113-05 (May)	0113-W20	0113-W-4	Weekday
1130418	1010101	1130101	1130101	1130101	1130401	1130401	1130417	0113-04-18	0101-01-01	0113-01-01	0113-01-01	0113-01-01	0113-04-01	0113-04-01	0113-04-17	1130418	2	113	1	1	2	4	16	108	18	3	2	-58591987200	0113-04-18	April 18th, 0113	18 APR 0113	Second	0113-01-01	First	First	Second	April	108	18th	Third Tuesday	Tuesday	S1	T1	Q2	Apr	3rd Tue	Tue	0113-S1	0113-T1	0113-Q2	0113-04 (Apr)	0113-108	0113-First Semester	0113-First Trimester	0113-Second Quarter	0113-04 (April)	0113-W16	0113-W-2	Weekday
1130318	1010101	1130101	1130101	1130101	1130101	1130301	1130313	0113-03-18	0101-01-01	0113-01-01	0113-01-01	0113-01-01	0113-01-01	0113-03-01	0113-03-13	1130318	2	113	1	1	1	3	11	77	18	3	6	-58594665600	0113-03-18	March 18th, 0113	18 MAR 0113	Second	0113-01-01	First	First	First	March	077	18th	Third Saturday	Saturday	S1	T1	Q1	Mar	3rd Sat	Sat	0113-S1	0113-T1	0113-Q1	0113-03 (Mar)	0113-077	0113-First Semester	0113-First Trimester	0113-First Quarter	0113-03 (March)	0113-W11	0113-W-6	Weekend
1130218	1010101	1130101	1130101	1130101	1130101	1130201	1130213	0113-02-18	0101-01-01	0113-01-01	0113-01-01	0113-01-01	0113-01-01	0113-02-01	0113-02-13	1130218	2	113	1	1	1	2	7	49	18	3	6	-58597084800	0113-02-18	February 18th, 0113	18 FEB 0113	Second	0113-01-01	First	First	First	February	049	18th	Third Saturday	Saturday	S1	T1	Q1	Feb	3rd Sat	Sat	0113-S1	0113-T1	0113-Q1	0113-02 (Feb)	0113-049	0113-First Semester	0113-First Trimester	0113-First Quarter	0113-02 (February)	0113-W07	0113-W-6	Weekend
1130118	1010101	1130101	1130101	1130101	1130101	1130101	1130116	0113-01-18	0101-01-01	0113-01-01	0113-01-01	0113-01-01	0113-01-01	0113-01-01	0113-01-16	1130118	2	113	1	1	1	1	3	18	18	3	3	-58599763200	0113-01-18	January 18th, 0113	18 JAN 0113	Second	0113-01-01	First	First	First	January	018	18th	Third Wednesday	Wednesday	S1	T1	Q1	Jan	3rd Wed	Wed	0113-S1	0113-T1	0113-Q1	0113-01 (Jan)	0113-018	0113-First Semester	0113-First Trimester	0113-First Quarter	0113-01 (January)	0113-W03	0113-W-3	Weekday
1130119	1010101	1130101	1130101	1130101	1130101	1130101	1130116	0113-01-19	0101-01-01	0113-01-01	0113-01-01	0113-01-01	0113-01-01	0113-01-01	0113-01-16	1130119	2	113	1	1	1	1	3	19	19	3	4	-58599676800	0113-01-19	January 19th, 0113	19 JAN 0113	Second	0113-01-01	First	First	First	January	019	19th	Third Thursday	Thursday	S1	T1	Q1	Jan	3rd Thu	Thu	0113-S1	0113-T1	0113-Q1	0113-01 (Jan)	0113-019	0113-First Semester	0113-First Trimester	0113-First Quarter	0113-01 (January)	0113-W03	0113-W-4	Weekday
1130219	1010101	1130101	1130101	1130101	1130101	1130201	1130213	0113-02-19	0101-01-01	0113-01-01	0113-01-01	0113-01-01	0113-01-01	0113-02-01	0113-02-13	1130219	2	113	1	1	1	2	7	50	19	3	7	-58596998400	0113-02-19	February 19th, 0113	19 FEB 0113	Second	0113-01-01	First	First	First	February	050	19th	Third Sunday	Sunday	S1	T1	Q1	Feb	3rd Sun	Sun	0113-S1	0113-T1	0113-Q1	0113-02 (Feb)	0113-050	0113-First Semester	0113-First Trimester	0113-First Quarter	0113-02 (February)	0113-W07	0113-W-7	Weekend
1130319	1010101	1130101	1130101	1130101	1130101	1130301	1130313	0113-03-19	0101-01-01	0113-01-01	0113-01-01	0113-01-01	0113-01-01	0113-03-01	0113-03-13	1130319	2	113	1	1	1	3	11	78	19	3	7	-58594579200	0113-03-19	March 19th, 0113	19 MAR 0113	Second	0113-01-01	First	First	First	March	078	19th	Third Sunday	Sunday	S1	T1	Q1	Mar	3rd Sun	Sun	0113-S1	0113-T1	0113-Q1	0113-03 (Mar)	0113-078	0113-First Semester	0113-First Trimester	0113-First Quarter	0113-03 (March)	0113-W11	0113-W-7	Weekend
1130419	1010101	1130101	1130101	1130101	1130401	1130401	1130417	0113-04-19	0101-01-01	0113-01-01	0113-01-01	0113-01-01	0113-04-01	0113-04-01	0113-04-17	1130419	2	113	1	1	2	4	16	109	19	3	3	-58591900800	0113-04-19	April 19th, 0113	19 APR 0113	Second	0113-01-01	First	First	Second	April	109	19th	Third Wednesday	Wednesday	S1	T1	Q2	Apr	3rd Wed	Wed	0113-S1	0113-T1	0113-Q2	0113-04 (Apr)	0113-109	0113-First Semester	0113-First Trimester	0113-Second Quarter	0113-04 (April)	0113-W16	0113-W-3	Weekday
1130519	1010101	1130101	1130101	1130501	1130401	1130501	1130515	0113-05-19	0101-01-01	0113-01-01	0113-01-01	0113-05-01	0113-04-01	0113-05-01	0113-05-15	1130519	2	113	1	2	2	5	20	139	19	3	5	-58589308800	0113-05-19	May 19th, 0113	19 MAY 0113	Second	0113-01-01	First	Second	Second	May	139	19th	Third Friday	Friday	S1	T1	Q2	May	3rd Fri	Fri	0113-S1	0113-T1	0113-Q2	0113-05 (May)	0113-139	0113-First Semester	0113-Second Trimester	0113-Second Quarter	0113-05 (May)	0113-W20	0113-W-5	Weekday
1130619	1010101	1130101	1130101	1130501	1130401	1130601	1130619	0113-06-19	0101-01-01	0113-01-01	0113-01-01	0113-05-01	0113-04-01	0113-06-01	0113-06-19	1130619	2	113	1	2	2	6	25	170	19	3	1	-58586630400	0113-06-19	June 19th, 0113	19 JUN 0113	Second	0113-01-01	First	Second	Second	June	170	19th	Third Monday	Monday	S1	T1	Q2	Jun	3rd Mon	Mon	0113-S1	0113-T1	0113-Q2	0113-06 (Jun)	0113-170	0113-First Semester	0113-Second Trimester	0113-Second Quarter	0113-06 (June)	0113-W25	0113-W-1	Weekday
1130719	1010101	1130101	1130701	1130501	1130601	1130701	1130717	0113-07-19	0101-01-01	0113-01-01	0113-07-01	0113-05-01	0113-06-01	0113-07-01	0113-07-17	1130719	2	113	2	2	3	7	29	200	19	3	3	-58584038400	0113-07-19	July 19th, 0113	19 JUL 0113	Second	0113-01-01	Second	Second	Third	July	200	19th	Third Wednesday	Wednesday	S2	T2	Q3	Jul	3rd Wed	Wed	0113-S2	0113-T2	0113-Q3	0113-07 (Jul)	0113-200	0113-Second Semester	0113-Second Trimester	0113-Third Quarter	0113-07 (July)	0113-W29	0113-W-3	Weekday
1130819	1010101	1130101	1130701	1130501	1130601	1130801	1130814	0113-08-19	0101-01-01	0113-01-01	0113-07-01	0113-05-01	0113-06-01	0113-08-01	0113-08-14	1130819	2	113	2	2	3	8	33	231	19	3	6	-58581360000	0113-08-19	August 19th, 0113	19 AUG 0113	Second	0113-01-01	Second	Second	Third	August	231	19th	Third Saturday	Saturday	S2	T2	Q3	Aug	3rd Sat	Sat	0113-S2	0113-T2	0113-Q3	0113-08 (Aug)	0113-231	0113-Second Semester	0113-Second Trimester	0113-Third Quarter	0113-08 (August)	0113-W33	0113-W-6	Weekend
1130919	1010101	1130101	1130701	1130901	1130601	1130901	1130918	0113-09-19	0101-01-01	0113-01-01	0113-07-01	0113-09-01	0113-06-01	0113-09-01	0113-09-18	1130919	2	113	2	3	3	9	38	262	19	3	2	-58578681600	0113-09-19	September 19th, 0113	19 SEP 0113	Second	0113-01-01	Second	Third	Third	September	262	19th	Third Tuesday	Tuesday	S2	T2	Q3	Sep	3rd Tue	Tue	0113-S2	0113-T2	0113-Q3	0113-09 (Sep)	0113-262	0113-Second Semester	0113-Third Trimester	0113-Third Quarter	0113-09 (September)	0113-W38	0113-W-2	Weekday
1131019	1010101	1130101	1130701	1130901	1131001	1131001	1131016	0113-10-19	0101-01-01	0113-01-01	0113-07-01	0113-09-01	0113-10-01	0113-10-01	0113-10-16	1131019	2	113	2	3	4	10	42	292	19	3	4	-58576089600	0113-10-19	October 19th, 0113	19 OCT 0113	Second	0113-01-01	Second	Third	Forth	October	292	19th	Third Thursday	Thursday	S2	T2	Q4	Oct	3rd Thu	Thu	0113-S2	0113-T2	0113-Q4	0113-10 (Oct)	0113-292	0113-Second Semester	0113-Third Trimester	0113-Forth Quarter	0113-10 (October)	0113-W42	0113-W-4	Weekday
1131119	1010101	1130101	1130701	1130901	1131001	1131101	1131113	0113-11-19	0101-01-01	0113-01-01	0113-07-01	0113-09-01	0113-10-01	0113-11-01	0113-11-13	1131119	2	113	2	3	4	11	46	323	19	3	7	-58573411200	0113-11-19	November 19th, 0113	19 NOV 0113	Second	0113-01-01	Second	Third	Forth	November	323	19th	Third Sunday	Sunday	S2	T2	Q4	Nov	3rd Sun	Sun	0113-S2	0113-T2	0113-Q4	0113-11 (Nov)	0113-323	0113-Second Semester	0113-Third Trimester	0113-Forth Quarter	0113-11 (November)	0113-W46	0113-W-7	Weekend
1131219	1010101	1130101	1130701	1130901	1131001	1131201	1131218	0113-12-19	0101-01-01	0113-01-01	0113-07-01	0113-09-01	0113-10-01	0113-12-01	0113-12-18	1131219	2	113	2	3	4	12	51	353	19	3	2	-58570819200	0113-12-19	December 19th, 0113	19 DEC 0113	Second	0113-01-01	Second	Third	Forth	December	353	19th	Third Tuesday	Tuesday	S2	T2	Q4	Dec	3rd Tue	Tue	0113-S2	0113-T2	0113-Q4	0113-12 (Dec)	0113-353	0113-Second Semester	0113-Third Trimester	0113-Forth Quarter	0113-12 (December)	0113-W51	0113-W-2	Weekday
1131220	1010101	1130101	1130701	1130901	1131001	1131201	1131218	0113-12-20	0101-01-01	0113-01-01	0113-07-01	0113-09-01	0113-10-01	0113-12-01	0113-12-18	1131220	2	113	2	3	4	12	51	354	20	3	3	-58570732800	0113-12-20	December 20th, 0113	20 DEC 0113	Second	0113-01-01	Second	Third	Forth	December	354	20th	Third Wednesday	Wednesday	S2	T2	Q4	Dec	3rd Wed	Wed	0113-S2	0113-T2	0113-Q4	0113-12 (Dec)	0113-354	0113-Second Semester	0113-Third Trimester	0113-Forth Quarter	0113-12 (December)	0113-W51	0113-W-3	Weekday
1131120	1010101	1130101	1130701	1130901	1131001	1131101	1131120	0113-11-20	0101-01-01	0113-01-01	0113-07-01	0113-09-01	0113-10-01	0113-11-01	0113-11-20	1131120	2	113	2	3	4	11	47	324	20	3	1	-58573324800	0113-11-20	November 20th, 0113	20 NOV 0113	Second	0113-01-01	Second	Third	Forth	November	324	20th	Third Monday	Monday	S2	T2	Q4	Nov	3rd Mon	Mon	0113-S2	0113-T2	0113-Q4	0113-11 (Nov)	0113-324	0113-Second Semester	0113-Third Trimester	0113-Forth Quarter	0113-11 (November)	0113-W47	0113-W-1	Weekday
1131020	1010101	1130101	1130701	1130901	1131001	1131001	1131016	0113-10-20	0101-01-01	0113-01-01	0113-07-01	0113-09-01	0113-10-01	0113-10-01	0113-10-16	1131020	2	113	2	3	4	10	42	293	20	3	5	-58576003200	0113-10-20	October 20th, 0113	20 OCT 0113	Second	0113-01-01	Second	Third	Forth	October	293	20th	Third Friday	Friday	S2	T2	Q4	Oct	3rd Fri	Fri	0113-S2	0113-T2	0113-Q4	0113-10 (Oct)	0113-293	0113-Second Semester	0113-Third Trimester	0113-Forth Quarter	0113-10 (October)	0113-W42	0113-W-5	Weekday
1130920	1010101	1130101	1130701	1130901	1130601	1130901	1130918	0113-09-20	0101-01-01	0113-01-01	0113-07-01	0113-09-01	0113-06-01	0113-09-01	0113-09-18	1130920	2	113	2	3	3	9	38	263	20	3	3	-58578595200	0113-09-20	September 20th, 0113	20 SEP 0113	Second	0113-01-01	Second	Third	Third	September	263	20th	Third Wednesday	Wednesday	S2	T2	Q3	Sep	3rd Wed	Wed	0113-S2	0113-T2	0113-Q3	0113-09 (Sep)	0113-263	0113-Second Semester	0113-Third Trimester	0113-Third Quarter	0113-09 (September)	0113-W38	0113-W-3	Weekday
1130820	1010101	1130101	1130701	1130501	1130601	1130801	1130814	0113-08-20	0101-01-01	0113-01-01	0113-07-01	0113-05-01	0113-06-01	0113-08-01	0113-08-14	1130820	2	113	2	2	3	8	33	232	20	3	7	-58581273600	0113-08-20	August 20th, 0113	20 AUG 0113	Second	0113-01-01	Second	Second	Third	August	232	20th	Third Sunday	Sunday	S2	T2	Q3	Aug	3rd Sun	Sun	0113-S2	0113-T2	0113-Q3	0113-08 (Aug)	0113-232	0113-Second Semester	0113-Second Trimester	0113-Third Quarter	0113-08 (August)	0113-W33	0113-W-7	Weekend
1130720	1010101	1130101	1130701	1130501	1130601	1130701	1130717	0113-07-20	0101-01-01	0113-01-01	0113-07-01	0113-05-01	0113-06-01	0113-07-01	0113-07-17	1130720	2	113	2	2	3	7	29	201	20	3	4	-58583952000	0113-07-20	July 20th, 0113	20 JUL 0113	Second	0113-01-01	Second	Second	Third	July	201	20th	Third Thursday	Thursday	S2	T2	Q3	Jul	3rd Thu	Thu	0113-S2	0113-T2	0113-Q3	0113-07 (Jul)	0113-201	0113-Second Semester	0113-Second Trimester	0113-Third Quarter	0113-07 (July)	0113-W29	0113-W-4	Weekday
1130620	1010101	1130101	1130101	1130501	1130401	1130601	1130619	0113-06-20	0101-01-01	0113-01-01	0113-01-01	0113-05-01	0113-04-01	0113-06-01	0113-06-19	1130620	2	113	1	2	2	6	25	171	20	3	2	-58586544000	0113-06-20	June 20th, 0113	20 JUN 0113	Second	0113-01-01	First	Second	Second	June	171	20th	Third Tuesday	Tuesday	S1	T1	Q2	Jun	3rd Tue	Tue	0113-S1	0113-T1	0113-Q2	0113-06 (Jun)	0113-171	0113-First Semester	0113-Second Trimester	0113-Second Quarter	0113-06 (June)	0113-W25	0113-W-2	Weekday
1130520	1010101	1130101	1130101	1130501	1130401	1130501	1130515	0113-05-20	0101-01-01	0113-01-01	0113-01-01	0113-05-01	0113-04-01	0113-05-01	0113-05-15	1130520	2	113	1	2	2	5	20	140	20	3	6	-58589222400	0113-05-20	May 20th, 0113	20 MAY 0113	Second	0113-01-01	First	Second	Second	May	140	20th	Third Saturday	Saturday	S1	T1	Q2	May	3rd Sat	Sat	0113-S1	0113-T1	0113-Q2	0113-05 (May)	0113-140	0113-First Semester	0113-Second Trimester	0113-Second Quarter	0113-05 (May)	0113-W20	0113-W-6	Weekend
1130420	1010101	1130101	1130101	1130101	1130401	1130401	1130417	0113-04-20	0101-01-01	0113-01-01	0113-01-01	0113-01-01	0113-04-01	0113-04-01	0113-04-17	1130420	2	113	1	1	2	4	16	110	20	3	4	-58591814400	0113-04-20	April 20th, 0113	20 APR 0113	Second	0113-01-01	First	First	Second	April	110	20th	Third Thursday	Thursday	S1	T1	Q2	Apr	3rd Thu	Thu	0113-S1	0113-T1	0113-Q2	0113-04 (Apr)	0113-110	0113-First Semester	0113-First Trimester	0113-Second Quarter	0113-04 (April)	0113-W16	0113-W-4	Weekday
1130320	1010101	1130101	1130101	1130101	1130101	1130301	1130320	0113-03-20	0101-01-01	0113-01-01	0113-01-01	0113-01-01	0113-01-01	0113-03-01	0113-03-20	1130320	2	113	1	1	1	3	12	79	20	3	1	-58594492800	0113-03-20	March 20th, 0113	20 MAR 0113	Second	0113-01-01	First	First	First	March	079	20th	Third Monday	Monday	S1	T1	Q1	Mar	3rd Mon	Mon	0113-S1	0113-T1	0113-Q1	0113-03 (Mar)	0113-079	0113-First Semester	0113-First Trimester	0113-First Quarter	0113-03 (March)	0113-W12	0113-W-1	Weekday
1130220	1010101	1130101	1130101	1130101	1130101	1130201	1130220	0113-02-20	0101-01-01	0113-01-01	0113-01-01	0113-01-01	0113-01-01	0113-02-01	0113-02-20	1130220	2	113	1	1	1	2	8	51	20	3	1	-58596912000	0113-02-20	February 20th, 0113	20 FEB 0113	Second	0113-01-01	First	First	First	February	051	20th	Third Monday	Monday	S1	T1	Q1	Feb	3rd Mon	Mon	0113-S1	0113-T1	0113-Q1	0113-02 (Feb)	0113-051	0113-First Semester	0113-First Trimester	0113-First Quarter	0113-02 (February)	0113-W08	0113-W-1	Weekday
1130120	1010101	1130101	1130101	1130101	1130101	1130101	1130116	0113-01-20	0101-01-01	0113-01-01	0113-01-01	0113-01-01	0113-01-01	0113-01-01	0113-01-16	1130120	2	113	1	1	1	1	3	20	20	3	5	-58599590400	0113-01-20	January 20th, 0113	20 JAN 0113	Second	0113-01-01	First	First	First	January	020	20th	Third Friday	Friday	S1	T1	Q1	Jan	3rd Fri	Fri	0113-S1	0113-T1	0113-Q1	0113-01 (Jan)	0113-020	0113-First Semester	0113-First Trimester	0113-First Quarter	0113-01 (January)	0113-W03	0113-W-5	Weekday
1130121	1010101	1130101	1130101	1130101	1130101	1130101	1130116	0113-01-21	0101-01-01	0113-01-01	0113-01-01	0113-01-01	0113-01-01	0113-01-01	0113-01-16	1130121	2	113	1	1	1	1	3	21	21	3	6	-58599504000	0113-01-21	January 21st, 0113	21 JAN 0113	Second	0113-01-01	First	First	First	January	021	21st	Third Saturday	Saturday	S1	T1	Q1	Jan	3rd Sat	Sat	0113-S1	0113-T1	0113-Q1	0113-01 (Jan)	0113-021	0113-First Semester	0113-First Trimester	0113-First Quarter	0113-01 (January)	0113-W03	0113-W-6	Weekend
1130221	1010101	1130101	1130101	1130101	1130101	1130201	1130220	0113-02-21	0101-01-01	0113-01-01	0113-01-01	0113-01-01	0113-01-01	0113-02-01	0113-02-20	1130221	2	113	1	1	1	2	8	52	21	3	2	-58596825600	0113-02-21	February 21st, 0113	21 FEB 0113	Second	0113-01-01	First	First	First	February	052	21st	Third Tuesday	Tuesday	S1	T1	Q1	Feb	3rd Tue	Tue	0113-S1	0113-T1	0113-Q1	0113-02 (Feb)	0113-052	0113-First Semester	0113-First Trimester	0113-First Quarter	0113-02 (February)	0113-W08	0113-W-2	Weekday
1130321	1010101	1130101	1130101	1130101	1130101	1130301	1130320	0113-03-21	0101-01-01	0113-01-01	0113-01-01	0113-01-01	0113-01-01	0113-03-01	0113-03-20	1130321	2	113	1	1	1	3	12	80	21	3	2	-58594406400	0113-03-21	March 21st, 0113	21 MAR 0113	Second	0113-01-01	First	First	First	March	080	21st	Third Tuesday	Tuesday	S1	T1	Q1	Mar	3rd Tue	Tue	0113-S1	0113-T1	0113-Q1	0113-03 (Mar)	0113-080	0113-First Semester	0113-First Trimester	0113-First Quarter	0113-03 (March)	0113-W12	0113-W-2	Weekday
1130421	1010101	1130101	1130101	1130101	1130401	1130401	1130417	0113-04-21	0101-01-01	0113-01-01	0113-01-01	0113-01-01	0113-04-01	0113-04-01	0113-04-17	1130421	2	113	1	1	2	4	16	111	21	3	5	-58591728000	0113-04-21	April 21st, 0113	21 APR 0113	Second	0113-01-01	First	First	Second	April	111	21st	Third Friday	Friday	S1	T1	Q2	Apr	3rd Fri	Fri	0113-S1	0113-T1	0113-Q2	0113-04 (Apr)	0113-111	0113-First Semester	0113-First Trimester	0113-Second Quarter	0113-04 (April)	0113-W16	0113-W-5	Weekday
1130521	1010101	1130101	1130101	1130501	1130401	1130501	1130515	0113-05-21	0101-01-01	0113-01-01	0113-01-01	0113-05-01	0113-04-01	0113-05-01	0113-05-15	1130521	2	113	1	2	2	5	20	141	21	3	7	-58589136000	0113-05-21	May 21st, 0113	21 MAY 0113	Second	0113-01-01	First	Second	Second	May	141	21st	Third Sunday	Sunday	S1	T1	Q2	May	3rd Sun	Sun	0113-S1	0113-T1	0113-Q2	0113-05 (May)	0113-141	0113-First Semester	0113-Second Trimester	0113-Second Quarter	0113-05 (May)	0113-W20	0113-W-7	Weekend
1130621	1010101	1130101	1130101	1130501	1130401	1130601	1130619	0113-06-21	0101-01-01	0113-01-01	0113-01-01	0113-05-01	0113-04-01	0113-06-01	0113-06-19	1130621	2	113	1	2	2	6	25	172	21	3	3	-58586457600	0113-06-21	June 21st, 0113	21 JUN 0113	Second	0113-01-01	First	Second	Second	June	172	21st	Third Wednesday	Wednesday	S1	T1	Q2	Jun	3rd Wed	Wed	0113-S1	0113-T1	0113-Q2	0113-06 (Jun)	0113-172	0113-First Semester	0113-Second Trimester	0113-Second Quarter	0113-06 (June)	0113-W25	0113-W-3	Weekday
1130721	1010101	1130101	1130701	1130501	1130601	1130701	1130717	0113-07-21	0101-01-01	0113-01-01	0113-07-01	0113-05-01	0113-06-01	0113-07-01	0113-07-17	1130721	2	113	2	2	3	7	29	202	21	3	5	-58583865600	0113-07-21	July 21st, 0113	21 JUL 0113	Second	0113-01-01	Second	Second	Third	July	202	21st	Third Friday	Friday	S2	T2	Q3	Jul	3rd Fri	Fri	0113-S2	0113-T2	0113-Q3	0113-07 (Jul)	0113-202	0113-Second Semester	0113-Second Trimester	0113-Third Quarter	0113-07 (July)	0113-W29	0113-W-5	Weekday
1130821	1010101	1130101	1130701	1130501	1130601	1130801	1130821	0113-08-21	0101-01-01	0113-01-01	0113-07-01	0113-05-01	0113-06-01	0113-08-01	0113-08-21	1130821	2	113	2	2	3	8	34	233	21	3	1	-58581187200	0113-08-21	August 21st, 0113	21 AUG 0113	Second	0113-01-01	Second	Second	Third	August	233	21st	Third Monday	Monday	S2	T2	Q3	Aug	3rd Mon	Mon	0113-S2	0113-T2	0113-Q3	0113-08 (Aug)	0113-233	0113-Second Semester	0113-Second Trimester	0113-Third Quarter	0113-08 (August)	0113-W34	0113-W-1	Weekday
1130921	1010101	1130101	1130701	1130901	1130601	1130901	1130918	0113-09-21	0101-01-01	0113-01-01	0113-07-01	0113-09-01	0113-06-01	0113-09-01	0113-09-18	1130921	2	113	2	3	3	9	38	264	21	3	4	-58578508800	0113-09-21	September 21st, 0113	21 SEP 0113	Second	0113-01-01	Second	Third	Third	September	264	21st	Third Thursday	Thursday	S2	T2	Q3	Sep	3rd Thu	Thu	0113-S2	0113-T2	0113-Q3	0113-09 (Sep)	0113-264	0113-Second Semester	0113-Third Trimester	0113-Third Quarter	0113-09 (September)	0113-W38	0113-W-4	Weekday
1131021	1010101	1130101	1130701	1130901	1131001	1131001	1131016	0113-10-21	0101-01-01	0113-01-01	0113-07-01	0113-09-01	0113-10-01	0113-10-01	0113-10-16	1131021	2	113	2	3	4	10	42	294	21	3	6	-58575916800	0113-10-21	October 21st, 0113	21 OCT 0113	Second	0113-01-01	Second	Third	Forth	October	294	21st	Third Saturday	Saturday	S2	T2	Q4	Oct	3rd Sat	Sat	0113-S2	0113-T2	0113-Q4	0113-10 (Oct)	0113-294	0113-Second Semester	0113-Third Trimester	0113-Forth Quarter	0113-10 (October)	0113-W42	0113-W-6	Weekend
1131121	1010101	1130101	1130701	1130901	1131001	1131101	1131120	0113-11-21	0101-01-01	0113-01-01	0113-07-01	0113-09-01	0113-10-01	0113-11-01	0113-11-20	1131121	2	113	2	3	4	11	47	325	21	3	2	-58573238400	0113-11-21	November 21st, 0113	21 NOV 0113	Second	0113-01-01	Second	Third	Forth	November	325	21st	Third Tuesday	Tuesday	S2	T2	Q4	Nov	3rd Tue	Tue	0113-S2	0113-T2	0113-Q4	0113-11 (Nov)	0113-325	0113-Second Semester	0113-Third Trimester	0113-Forth Quarter	0113-11 (November)	0113-W47	0113-W-2	Weekday
1131221	1010101	1130101	1130701	1130901	1131001	1131201	1131218	0113-12-21	0101-01-01	0113-01-01	0113-07-01	0113-09-01	0113-10-01	0113-12-01	0113-12-18	1131221	2	113	2	3	4	12	51	355	21	3	4	-58570646400	0113-12-21	December 21st, 0113	21 DEC 0113	Second	0113-01-01	Second	Third	Forth	December	355	21st	Third Thursday	Thursday	S2	T2	Q4	Dec	3rd Thu	Thu	0113-S2	0113-T2	0113-Q4	0113-12 (Dec)	0113-355	0113-Second Semester	0113-Third Trimester	0113-Forth Quarter	0113-12 (December)	0113-W51	0113-W-4	Weekday
1131222	1010101	1130101	1130701	1130901	1131001	1131201	1131218	0113-12-22	0101-01-01	0113-01-01	0113-07-01	0113-09-01	0113-10-01	0113-12-01	0113-12-18	1131222	2	113	2	3	4	12	51	356	22	4	5	-58570560000	0113-12-22	December 22nd, 0113	22 DEC 0113	Second	0113-01-01	Second	Third	Forth	December	356	22nd	Forth Friday	Friday	S2	T2	Q4	Dec	4th Fri	Fri	0113-S2	0113-T2	0113-Q4	0113-12 (Dec)	0113-356	0113-Second Semester	0113-Third Trimester	0113-Forth Quarter	0113-12 (December)	0113-W51	0113-W-5	Weekday
1131122	1010101	1130101	1130701	1130901	1131001	1131101	1131120	0113-11-22	0101-01-01	0113-01-01	0113-07-01	0113-09-01	0113-10-01	0113-11-01	0113-11-20	1131122	2	113	2	3	4	11	47	326	22	4	3	-58573152000	0113-11-22	November 22nd, 0113	22 NOV 0113	Second	0113-01-01	Second	Third	Forth	November	326	22nd	Forth Wednesday	Wednesday	S2	T2	Q4	Nov	4th Wed	Wed	0113-S2	0113-T2	0113-Q4	0113-11 (Nov)	0113-326	0113-Second Semester	0113-Third Trimester	0113-Forth Quarter	0113-11 (November)	0113-W47	0113-W-3	Weekday
1131022	1010101	1130101	1130701	1130901	1131001	1131001	1131016	0113-10-22	0101-01-01	0113-01-01	0113-07-01	0113-09-01	0113-10-01	0113-10-01	0113-10-16	1131022	2	113	2	3	4	10	42	295	22	4	7	-58575830400	0113-10-22	October 22nd, 0113	22 OCT 0113	Second	0113-01-01	Second	Third	Forth	October	295	22nd	Forth Sunday	Sunday	S2	T2	Q4	Oct	4th Sun	Sun	0113-S2	0113-T2	0113-Q4	0113-10 (Oct)	0113-295	0113-Second Semester	0113-Third Trimester	0113-Forth Quarter	0113-10 (October)	0113-W42	0113-W-7	Weekend
1130922	1010101	1130101	1130701	1130901	1130601	1130901	1130918	0113-09-22	0101-01-01	0113-01-01	0113-07-01	0113-09-01	0113-06-01	0113-09-01	0113-09-18	1130922	2	113	2	3	3	9	38	265	22	4	5	-58578422400	0113-09-22	September 22nd, 0113	22 SEP 0113	Second	0113-01-01	Second	Third	Third	September	265	22nd	Forth Friday	Friday	S2	T2	Q3	Sep	4th Fri	Fri	0113-S2	0113-T2	0113-Q3	0113-09 (Sep)	0113-265	0113-Second Semester	0113-Third Trimester	0113-Third Quarter	0113-09 (September)	0113-W38	0113-W-5	Weekday
1130822	1010101	1130101	1130701	1130501	1130601	1130801	1130821	0113-08-22	0101-01-01	0113-01-01	0113-07-01	0113-05-01	0113-06-01	0113-08-01	0113-08-21	1130822	2	113	2	2	3	8	34	234	22	4	2	-58581100800	0113-08-22	August 22nd, 0113	22 AUG 0113	Second	0113-01-01	Second	Second	Third	August	234	22nd	Forth Tuesday	Tuesday	S2	T2	Q3	Aug	4th Tue	Tue	0113-S2	0113-T2	0113-Q3	0113-08 (Aug)	0113-234	0113-Second Semester	0113-Second Trimester	0113-Third Quarter	0113-08 (August)	0113-W34	0113-W-2	Weekday
1130722	1010101	1130101	1130701	1130501	1130601	1130701	1130717	0113-07-22	0101-01-01	0113-01-01	0113-07-01	0113-05-01	0113-06-01	0113-07-01	0113-07-17	1130722	2	113	2	2	3	7	29	203	22	4	6	-58583779200	0113-07-22	July 22nd, 0113	22 JUL 0113	Second	0113-01-01	Second	Second	Third	July	203	22nd	Forth Saturday	Saturday	S2	T2	Q3	Jul	4th Sat	Sat	0113-S2	0113-T2	0113-Q3	0113-07 (Jul)	0113-203	0113-Second Semester	0113-Second Trimester	0113-Third Quarter	0113-07 (July)	0113-W29	0113-W-6	Weekend
1130622	1010101	1130101	1130101	1130501	1130401	1130601	1130619	0113-06-22	0101-01-01	0113-01-01	0113-01-01	0113-05-01	0113-04-01	0113-06-01	0113-06-19	1130622	2	113	1	2	2	6	25	173	22	4	4	-58586371200	0113-06-22	June 22nd, 0113	22 JUN 0113	Second	0113-01-01	First	Second	Second	June	173	22nd	Forth Thursday	Thursday	S1	T1	Q2	Jun	4th Thu	Thu	0113-S1	0113-T1	0113-Q2	0113-06 (Jun)	0113-173	0113-First Semester	0113-Second Trimester	0113-Second Quarter	0113-06 (June)	0113-W25	0113-W-4	Weekday
1130522	1010101	1130101	1130101	1130501	1130401	1130501	1130522	0113-05-22	0101-01-01	0113-01-01	0113-01-01	0113-05-01	0113-04-01	0113-05-01	0113-05-22	1130522	2	113	1	2	2	5	21	142	22	4	1	-58589049600	0113-05-22	May 22nd, 0113	22 MAY 0113	Second	0113-01-01	First	Second	Second	May	142	22nd	Forth Monday	Monday	S1	T1	Q2	May	4th Mon	Mon	0113-S1	0113-T1	0113-Q2	0113-05 (May)	0113-142	0113-First Semester	0113-Second Trimester	0113-Second Quarter	0113-05 (May)	0113-W21	0113-W-1	Weekday
1130422	1010101	1130101	1130101	1130101	1130401	1130401	1130417	0113-04-22	0101-01-01	0113-01-01	0113-01-01	0113-01-01	0113-04-01	0113-04-01	0113-04-17	1130422	2	113	1	1	2	4	16	112	22	4	6	-58591641600	0113-04-22	April 22nd, 0113	22 APR 0113	Second	0113-01-01	First	First	Second	April	112	22nd	Forth Saturday	Saturday	S1	T1	Q2	Apr	4th Sat	Sat	0113-S1	0113-T1	0113-Q2	0113-04 (Apr)	0113-112	0113-First Semester	0113-First Trimester	0113-Second Quarter	0113-04 (April)	0113-W16	0113-W-6	Weekend
1130322	1010101	1130101	1130101	1130101	1130101	1130301	1130320	0113-03-22	0101-01-01	0113-01-01	0113-01-01	0113-01-01	0113-01-01	0113-03-01	0113-03-20	1130322	2	113	1	1	1	3	12	81	22	4	3	-58594320000	0113-03-22	March 22nd, 0113	22 MAR 0113	Second	0113-01-01	First	First	First	March	081	22nd	Forth Wednesday	Wednesday	S1	T1	Q1	Mar	4th Wed	Wed	0113-S1	0113-T1	0113-Q1	0113-03 (Mar)	0113-081	0113-First Semester	0113-First Trimester	0113-First Quarter	0113-03 (March)	0113-W12	0113-W-3	Weekday
1130222	1010101	1130101	1130101	1130101	1130101	1130201	1130220	0113-02-22	0101-01-01	0113-01-01	0113-01-01	0113-01-01	0113-01-01	0113-02-01	0113-02-20	1130222	2	113	1	1	1	2	8	53	22	4	3	-58596739200	0113-02-22	February 22nd, 0113	22 FEB 0113	Second	0113-01-01	First	First	First	February	053	22nd	Forth Wednesday	Wednesday	S1	T1	Q1	Feb	4th Wed	Wed	0113-S1	0113-T1	0113-Q1	0113-02 (Feb)	0113-053	0113-First Semester	0113-First Trimester	0113-First Quarter	0113-02 (February)	0113-W08	0113-W-3	Weekday
1130122	1010101	1130101	1130101	1130101	1130101	1130101	1130116	0113-01-22	0101-01-01	0113-01-01	0113-01-01	0113-01-01	0113-01-01	0113-01-01	0113-01-16	1130122	2	113	1	1	1	1	3	22	22	4	7	-58599417600	0113-01-22	January 22nd, 0113	22 JAN 0113	Second	0113-01-01	First	First	First	January	022	22nd	Forth Sunday	Sunday	S1	T1	Q1	Jan	4th Sun	Sun	0113-S1	0113-T1	0113-Q1	0113-01 (Jan)	0113-022	0113-First Semester	0113-First Trimester	0113-First Quarter	0113-01 (January)	0113-W03	0113-W-7	Weekend
1130123	1010101	1130101	1130101	1130101	1130101	1130101	1130123	0113-01-23	0101-01-01	0113-01-01	0113-01-01	0113-01-01	0113-01-01	0113-01-01	0113-01-23	1130123	2	113	1	1	1	1	4	23	23	4	1	-58599331200	0113-01-23	January 23rd, 0113	23 JAN 0113	Second	0113-01-01	First	First	First	January	023	23rd	Forth Monday	Monday	S1	T1	Q1	Jan	4th Mon	Mon	0113-S1	0113-T1	0113-Q1	0113-01 (Jan)	0113-023	0113-First Semester	0113-First Trimester	0113-First Quarter	0113-01 (January)	0113-W04	0113-W-1	Weekday
1130223	1010101	1130101	1130101	1130101	1130101	1130201	1130220	0113-02-23	0101-01-01	0113-01-01	0113-01-01	0113-01-01	0113-01-01	0113-02-01	0113-02-20	1130223	2	113	1	1	1	2	8	54	23	4	4	-58596652800	0113-02-23	February 23rd, 0113	23 FEB 0113	Second	0113-01-01	First	First	First	February	054	23rd	Forth Thursday	Thursday	S1	T1	Q1	Feb	4th Thu	Thu	0113-S1	0113-T1	0113-Q1	0113-02 (Feb)	0113-054	0113-First Semester	0113-First Trimester	0113-First Quarter	0113-02 (February)	0113-W08	0113-W-4	Weekday
1130323	1010101	1130101	1130101	1130101	1130101	1130301	1130320	0113-03-23	0101-01-01	0113-01-01	0113-01-01	0113-01-01	0113-01-01	0113-03-01	0113-03-20	1130323	2	113	1	1	1	3	12	82	23	4	4	-58594233600	0113-03-23	March 23rd, 0113	23 MAR 0113	Second	0113-01-01	First	First	First	March	082	23rd	Forth Thursday	Thursday	S1	T1	Q1	Mar	4th Thu	Thu	0113-S1	0113-T1	0113-Q1	0113-03 (Mar)	0113-082	0113-First Semester	0113-First Trimester	0113-First Quarter	0113-03 (March)	0113-W12	0113-W-4	Weekday
1130423	1010101	1130101	1130101	1130101	1130401	1130401	1130417	0113-04-23	0101-01-01	0113-01-01	0113-01-01	0113-01-01	0113-04-01	0113-04-01	0113-04-17	1130423	2	113	1	1	2	4	16	113	23	4	7	-58591555200	0113-04-23	April 23rd, 0113	23 APR 0113	Second	0113-01-01	First	First	Second	April	113	23rd	Forth Sunday	Sunday	S1	T1	Q2	Apr	4th Sun	Sun	0113-S1	0113-T1	0113-Q2	0113-04 (Apr)	0113-113	0113-First Semester	0113-First Trimester	0113-Second Quarter	0113-04 (April)	0113-W16	0113-W-7	Weekend
1130523	1010101	1130101	1130101	1130501	1130401	1130501	1130522	0113-05-23	0101-01-01	0113-01-01	0113-01-01	0113-05-01	0113-04-01	0113-05-01	0113-05-22	1130523	2	113	1	2	2	5	21	143	23	4	2	-58588963200	0113-05-23	May 23rd, 0113	23 MAY 0113	Second	0113-01-01	First	Second	Second	May	143	23rd	Forth Tuesday	Tuesday	S1	T1	Q2	May	4th Tue	Tue	0113-S1	0113-T1	0113-Q2	0113-05 (May)	0113-143	0113-First Semester	0113-Second Trimester	0113-Second Quarter	0113-05 (May)	0113-W21	0113-W-2	Weekday
1130623	1010101	1130101	1130101	1130501	1130401	1130601	1130619	0113-06-23	0101-01-01	0113-01-01	0113-01-01	0113-05-01	0113-04-01	0113-06-01	0113-06-19	1130623	2	113	1	2	2	6	25	174	23	4	5	-58586284800	0113-06-23	June 23rd, 0113	23 JUN 0113	Second	0113-01-01	First	Second	Second	June	174	23rd	Forth Friday	Friday	S1	T1	Q2	Jun	4th Fri	Fri	0113-S1	0113-T1	0113-Q2	0113-06 (Jun)	0113-174	0113-First Semester	0113-Second Trimester	0113-Second Quarter	0113-06 (June)	0113-W25	0113-W-5	Weekday
1130723	1010101	1130101	1130701	1130501	1130601	1130701	1130717	0113-07-23	0101-01-01	0113-01-01	0113-07-01	0113-05-01	0113-06-01	0113-07-01	0113-07-17	1130723	2	113	2	2	3	7	29	204	23	4	7	-58583692800	0113-07-23	July 23rd, 0113	23 JUL 0113	Second	0113-01-01	Second	Second	Third	July	204	23rd	Forth Sunday	Sunday	S2	T2	Q3	Jul	4th Sun	Sun	0113-S2	0113-T2	0113-Q3	0113-07 (Jul)	0113-204	0113-Second Semester	0113-Second Trimester	0113-Third Quarter	0113-07 (July)	0113-W29	0113-W-7	Weekend
1130823	1010101	1130101	1130701	1130501	1130601	1130801	1130821	0113-08-23	0101-01-01	0113-01-01	0113-07-01	0113-05-01	0113-06-01	0113-08-01	0113-08-21	1130823	2	113	2	2	3	8	34	235	23	4	3	-58581014400	0113-08-23	August 23rd, 0113	23 AUG 0113	Second	0113-01-01	Second	Second	Third	August	235	23rd	Forth Wednesday	Wednesday	S2	T2	Q3	Aug	4th Wed	Wed	0113-S2	0113-T2	0113-Q3	0113-08 (Aug)	0113-235	0113-Second Semester	0113-Second Trimester	0113-Third Quarter	0113-08 (August)	0113-W34	0113-W-3	Weekday
1130923	1010101	1130101	1130701	1130901	1130601	1130901	1130918	0113-09-23	0101-01-01	0113-01-01	0113-07-01	0113-09-01	0113-06-01	0113-09-01	0113-09-18	1130923	2	113	2	3	3	9	38	266	23	4	6	-58578336000	0113-09-23	September 23rd, 0113	23 SEP 0113	Second	0113-01-01	Second	Third	Third	September	266	23rd	Forth Saturday	Saturday	S2	T2	Q3	Sep	4th Sat	Sat	0113-S2	0113-T2	0113-Q3	0113-09 (Sep)	0113-266	0113-Second Semester	0113-Third Trimester	0113-Third Quarter	0113-09 (September)	0113-W38	0113-W-6	Weekend
1131023	1010101	1130101	1130701	1130901	1131001	1131001	1131023	0113-10-23	0101-01-01	0113-01-01	0113-07-01	0113-09-01	0113-10-01	0113-10-01	0113-10-23	1131023	2	113	2	3	4	10	43	296	23	4	1	-58575744000	0113-10-23	October 23rd, 0113	23 OCT 0113	Second	0113-01-01	Second	Third	Forth	October	296	23rd	Forth Monday	Monday	S2	T2	Q4	Oct	4th Mon	Mon	0113-S2	0113-T2	0113-Q4	0113-10 (Oct)	0113-296	0113-Second Semester	0113-Third Trimester	0113-Forth Quarter	0113-10 (October)	0113-W43	0113-W-1	Weekday
1131123	1010101	1130101	1130701	1130901	1131001	1131101	1131120	0113-11-23	0101-01-01	0113-01-01	0113-07-01	0113-09-01	0113-10-01	0113-11-01	0113-11-20	1131123	2	113	2	3	4	11	47	327	23	4	4	-58573065600	0113-11-23	November 23rd, 0113	23 NOV 0113	Second	0113-01-01	Second	Third	Forth	November	327	23rd	Forth Thursday	Thursday	S2	T2	Q4	Nov	4th Thu	Thu	0113-S2	0113-T2	0113-Q4	0113-11 (Nov)	0113-327	0113-Second Semester	0113-Third Trimester	0113-Forth Quarter	0113-11 (November)	0113-W47	0113-W-4	Weekday
1131223	1010101	1130101	1130701	1130901	1131001	1131201	1131218	0113-12-23	0101-01-01	0113-01-01	0113-07-01	0113-09-01	0113-10-01	0113-12-01	0113-12-18	1131223	2	113	2	3	4	12	51	357	23	4	6	-58570473600	0113-12-23	December 23rd, 0113	23 DEC 0113	Second	0113-01-01	Second	Third	Forth	December	357	23rd	Forth Saturday	Saturday	S2	T2	Q4	Dec	4th Sat	Sat	0113-S2	0113-T2	0113-Q4	0113-12 (Dec)	0113-357	0113-Second Semester	0113-Third Trimester	0113-Forth Quarter	0113-12 (December)	0113-W51	0113-W-6	Weekend
1131224	1010101	1130101	1130701	1130901	1131001	1131201	1131218	0113-12-24	0101-01-01	0113-01-01	0113-07-01	0113-09-01	0113-10-01	0113-12-01	0113-12-18	1131224	2	113	2	3	4	12	51	358	24	4	7	-58570387200	0113-12-24	December 24th, 0113	24 DEC 0113	Second	0113-01-01	Second	Third	Forth	December	358	24th	Forth Sunday	Sunday	S2	T2	Q4	Dec	4th Sun	Sun	0113-S2	0113-T2	0113-Q4	0113-12 (Dec)	0113-358	0113-Second Semester	0113-Third Trimester	0113-Forth Quarter	0113-12 (December)	0113-W51	0113-W-7	Weekend
1131124	1010101	1130101	1130701	1130901	1131001	1131101	1131120	0113-11-24	0101-01-01	0113-01-01	0113-07-01	0113-09-01	0113-10-01	0113-11-01	0113-11-20	1131124	2	113	2	3	4	11	47	328	24	4	5	-58572979200	0113-11-24	November 24th, 0113	24 NOV 0113	Second	0113-01-01	Second	Third	Forth	November	328	24th	Forth Friday	Friday	S2	T2	Q4	Nov	4th Fri	Fri	0113-S2	0113-T2	0113-Q4	0113-11 (Nov)	0113-328	0113-Second Semester	0113-Third Trimester	0113-Forth Quarter	0113-11 (November)	0113-W47	0113-W-5	Weekday
1131024	1010101	1130101	1130701	1130901	1131001	1131001	1131023	0113-10-24	0101-01-01	0113-01-01	0113-07-01	0113-09-01	0113-10-01	0113-10-01	0113-10-23	1131024	2	113	2	3	4	10	43	297	24	4	2	-58575657600	0113-10-24	October 24th, 0113	24 OCT 0113	Second	0113-01-01	Second	Third	Forth	October	297	24th	Forth Tuesday	Tuesday	S2	T2	Q4	Oct	4th Tue	Tue	0113-S2	0113-T2	0113-Q4	0113-10 (Oct)	0113-297	0113-Second Semester	0113-Third Trimester	0113-Forth Quarter	0113-10 (October)	0113-W43	0113-W-2	Weekday
1130924	1010101	1130101	1130701	1130901	1130601	1130901	1130918	0113-09-24	0101-01-01	0113-01-01	0113-07-01	0113-09-01	0113-06-01	0113-09-01	0113-09-18	1130924	2	113	2	3	3	9	38	267	24	4	7	-58578249600	0113-09-24	September 24th, 0113	24 SEP 0113	Second	0113-01-01	Second	Third	Third	September	267	24th	Forth Sunday	Sunday	S2	T2	Q3	Sep	4th Sun	Sun	0113-S2	0113-T2	0113-Q3	0113-09 (Sep)	0113-267	0113-Second Semester	0113-Third Trimester	0113-Third Quarter	0113-09 (September)	0113-W38	0113-W-7	Weekend
1130824	1010101	1130101	1130701	1130501	1130601	1130801	1130821	0113-08-24	0101-01-01	0113-01-01	0113-07-01	0113-05-01	0113-06-01	0113-08-01	0113-08-21	1130824	2	113	2	2	3	8	34	236	24	4	4	-58580928000	0113-08-24	August 24th, 0113	24 AUG 0113	Second	0113-01-01	Second	Second	Third	August	236	24th	Forth Thursday	Thursday	S2	T2	Q3	Aug	4th Thu	Thu	0113-S2	0113-T2	0113-Q3	0113-08 (Aug)	0113-236	0113-Second Semester	0113-Second Trimester	0113-Third Quarter	0113-08 (August)	0113-W34	0113-W-4	Weekday
1130724	1010101	1130101	1130701	1130501	1130601	1130701	1130724	0113-07-24	0101-01-01	0113-01-01	0113-07-01	0113-05-01	0113-06-01	0113-07-01	0113-07-24	1130724	2	113	2	2	3	7	30	205	24	4	1	-58583606400	0113-07-24	July 24th, 0113	24 JUL 0113	Second	0113-01-01	Second	Second	Third	July	205	24th	Forth Monday	Monday	S2	T2	Q3	Jul	4th Mon	Mon	0113-S2	0113-T2	0113-Q3	0113-07 (Jul)	0113-205	0113-Second Semester	0113-Second Trimester	0113-Third Quarter	0113-07 (July)	0113-W30	0113-W-1	Weekday
1130624	1010101	1130101	1130101	1130501	1130401	1130601	1130619	0113-06-24	0101-01-01	0113-01-01	0113-01-01	0113-05-01	0113-04-01	0113-06-01	0113-06-19	1130624	2	113	1	2	2	6	25	175	24	4	6	-58586198400	0113-06-24	June 24th, 0113	24 JUN 0113	Second	0113-01-01	First	Second	Second	June	175	24th	Forth Saturday	Saturday	S1	T1	Q2	Jun	4th Sat	Sat	0113-S1	0113-T1	0113-Q2	0113-06 (Jun)	0113-175	0113-First Semester	0113-Second Trimester	0113-Second Quarter	0113-06 (June)	0113-W25	0113-W-6	Weekend
1130524	1010101	1130101	1130101	1130501	1130401	1130501	1130522	0113-05-24	0101-01-01	0113-01-01	0113-01-01	0113-05-01	0113-04-01	0113-05-01	0113-05-22	1130524	2	113	1	2	2	5	21	144	24	4	3	-58588876800	0113-05-24	May 24th, 0113	24 MAY 0113	Second	0113-01-01	First	Second	Second	May	144	24th	Forth Wednesday	Wednesday	S1	T1	Q2	May	4th Wed	Wed	0113-S1	0113-T1	0113-Q2	0113-05 (May)	0113-144	0113-First Semester	0113-Second Trimester	0113-Second Quarter	0113-05 (May)	0113-W21	0113-W-3	Weekday
1130424	1010101	1130101	1130101	1130101	1130401	1130401	1130424	0113-04-24	0101-01-01	0113-01-01	0113-01-01	0113-01-01	0113-04-01	0113-04-01	0113-04-24	1130424	2	113	1	1	2	4	17	114	24	4	1	-58591468800	0113-04-24	April 24th, 0113	24 APR 0113	Second	0113-01-01	First	First	Second	April	114	24th	Forth Monday	Monday	S1	T1	Q2	Apr	4th Mon	Mon	0113-S1	0113-T1	0113-Q2	0113-04 (Apr)	0113-114	0113-First Semester	0113-First Trimester	0113-Second Quarter	0113-04 (April)	0113-W17	0113-W-1	Weekday
1130324	1010101	1130101	1130101	1130101	1130101	1130301	1130320	0113-03-24	0101-01-01	0113-01-01	0113-01-01	0113-01-01	0113-01-01	0113-03-01	0113-03-20	1130324	2	113	1	1	1	3	12	83	24	4	5	-58594147200	0113-03-24	March 24th, 0113	24 MAR 0113	Second	0113-01-01	First	First	First	March	083	24th	Forth Friday	Friday	S1	T1	Q1	Mar	4th Fri	Fri	0113-S1	0113-T1	0113-Q1	0113-03 (Mar)	0113-083	0113-First Semester	0113-First Trimester	0113-First Quarter	0113-03 (March)	0113-W12	0113-W-5	Weekday
1130224	1010101	1130101	1130101	1130101	1130101	1130201	1130220	0113-02-24	0101-01-01	0113-01-01	0113-01-01	0113-01-01	0113-01-01	0113-02-01	0113-02-20	1130224	2	113	1	1	1	2	8	55	24	4	5	-58596566400	0113-02-24	February 24th, 0113	24 FEB 0113	Second	0113-01-01	First	First	First	February	055	24th	Forth Friday	Friday	S1	T1	Q1	Feb	4th Fri	Fri	0113-S1	0113-T1	0113-Q1	0113-02 (Feb)	0113-055	0113-First Semester	0113-First Trimester	0113-First Quarter	0113-02 (February)	0113-W08	0113-W-5	Weekday
1130124	1010101	1130101	1130101	1130101	1130101	1130101	1130123	0113-01-24	0101-01-01	0113-01-01	0113-01-01	0113-01-01	0113-01-01	0113-01-01	0113-01-23	1130124	2	113	1	1	1	1	4	24	24	4	2	-58599244800	0113-01-24	January 24th, 0113	24 JAN 0113	Second	0113-01-01	First	First	First	January	024	24th	Forth Tuesday	Tuesday	S1	T1	Q1	Jan	4th Tue	Tue	0113-S1	0113-T1	0113-Q1	0113-01 (Jan)	0113-024	0113-First Semester	0113-First Trimester	0113-First Quarter	0113-01 (January)	0113-W04	0113-W-2	Weekday
1130125	1010101	1130101	1130101	1130101	1130101	1130101	1130123	0113-01-25	0101-01-01	0113-01-01	0113-01-01	0113-01-01	0113-01-01	0113-01-01	0113-01-23	1130125	2	113	1	1	1	1	4	25	25	4	3	-58599158400	0113-01-25	January 25th, 0113	25 JAN 0113	Second	0113-01-01	First	First	First	January	025	25th	Forth Wednesday	Wednesday	S1	T1	Q1	Jan	4th Wed	Wed	0113-S1	0113-T1	0113-Q1	0113-01 (Jan)	0113-025	0113-First Semester	0113-First Trimester	0113-First Quarter	0113-01 (January)	0113-W04	0113-W-3	Weekday
1130225	1010101	1130101	1130101	1130101	1130101	1130201	1130220	0113-02-25	0101-01-01	0113-01-01	0113-01-01	0113-01-01	0113-01-01	0113-02-01	0113-02-20	1130225	2	113	1	1	1	2	8	56	25	4	6	-58596480000	0113-02-25	February 25th, 0113	25 FEB 0113	Second	0113-01-01	First	First	First	February	056	25th	Forth Saturday	Saturday	S1	T1	Q1	Feb	4th Sat	Sat	0113-S1	0113-T1	0113-Q1	0113-02 (Feb)	0113-056	0113-First Semester	0113-First Trimester	0113-First Quarter	0113-02 (February)	0113-W08	0113-W-6	Weekend
1130325	1010101	1130101	1130101	1130101	1130101	1130301	1130320	0113-03-25	0101-01-01	0113-01-01	0113-01-01	0113-01-01	0113-01-01	0113-03-01	0113-03-20	1130325	2	113	1	1	1	3	12	84	25	4	6	-58594060800	0113-03-25	March 25th, 0113	25 MAR 0113	Second	0113-01-01	First	First	First	March	084	25th	Forth Saturday	Saturday	S1	T1	Q1	Mar	4th Sat	Sat	0113-S1	0113-T1	0113-Q1	0113-03 (Mar)	0113-084	0113-First Semester	0113-First Trimester	0113-First Quarter	0113-03 (March)	0113-W12	0113-W-6	Weekend
1130425	1010101	1130101	1130101	1130101	1130401	1130401	1130424	0113-04-25	0101-01-01	0113-01-01	0113-01-01	0113-01-01	0113-04-01	0113-04-01	0113-04-24	1130425	2	113	1	1	2	4	17	115	25	4	2	-58591382400	0113-04-25	April 25th, 0113	25 APR 0113	Second	0113-01-01	First	First	Second	April	115	25th	Forth Tuesday	Tuesday	S1	T1	Q2	Apr	4th Tue	Tue	0113-S1	0113-T1	0113-Q2	0113-04 (Apr)	0113-115	0113-First Semester	0113-First Trimester	0113-Second Quarter	0113-04 (April)	0113-W17	0113-W-2	Weekday
1130525	1010101	1130101	1130101	1130501	1130401	1130501	1130522	0113-05-25	0101-01-01	0113-01-01	0113-01-01	0113-05-01	0113-04-01	0113-05-01	0113-05-22	1130525	2	113	1	2	2	5	21	145	25	4	4	-58588790400	0113-05-25	May 25th, 0113	25 MAY 0113	Second	0113-01-01	First	Second	Second	May	145	25th	Forth Thursday	Thursday	S1	T1	Q2	May	4th Thu	Thu	0113-S1	0113-T1	0113-Q2	0113-05 (May)	0113-145	0113-First Semester	0113-Second Trimester	0113-Second Quarter	0113-05 (May)	0113-W21	0113-W-4	Weekday
1130625	1010101	1130101	1130101	1130501	1130401	1130601	1130619	0113-06-25	0101-01-01	0113-01-01	0113-01-01	0113-05-01	0113-04-01	0113-06-01	0113-06-19	1130625	2	113	1	2	2	6	25	176	25	4	7	-58586112000	0113-06-25	June 25th, 0113	25 JUN 0113	Second	0113-01-01	First	Second	Second	June	176	25th	Forth Sunday	Sunday	S1	T1	Q2	Jun	4th Sun	Sun	0113-S1	0113-T1	0113-Q2	0113-06 (Jun)	0113-176	0113-First Semester	0113-Second Trimester	0113-Second Quarter	0113-06 (June)	0113-W25	0113-W-7	Weekend
1130725	1010101	1130101	1130701	1130501	1130601	1130701	1130724	0113-07-25	0101-01-01	0113-01-01	0113-07-01	0113-05-01	0113-06-01	0113-07-01	0113-07-24	1130725	2	113	2	2	3	7	30	206	25	4	2	-58583520000	0113-07-25	July 25th, 0113	25 JUL 0113	Second	0113-01-01	Second	Second	Third	July	206	25th	Forth Tuesday	Tuesday	S2	T2	Q3	Jul	4th Tue	Tue	0113-S2	0113-T2	0113-Q3	0113-07 (Jul)	0113-206	0113-Second Semester	0113-Second Trimester	0113-Third Quarter	0113-07 (July)	0113-W30	0113-W-2	Weekday
1130825	1010101	1130101	1130701	1130501	1130601	1130801	1130821	0113-08-25	0101-01-01	0113-01-01	0113-07-01	0113-05-01	0113-06-01	0113-08-01	0113-08-21	1130825	2	113	2	2	3	8	34	237	25	4	5	-58580841600	0113-08-25	August 25th, 0113	25 AUG 0113	Second	0113-01-01	Second	Second	Third	August	237	25th	Forth Friday	Friday	S2	T2	Q3	Aug	4th Fri	Fri	0113-S2	0113-T2	0113-Q3	0113-08 (Aug)	0113-237	0113-Second Semester	0113-Second Trimester	0113-Third Quarter	0113-08 (August)	0113-W34	0113-W-5	Weekday
1130925	1010101	1130101	1130701	1130901	1130601	1130901	1130925	0113-09-25	0101-01-01	0113-01-01	0113-07-01	0113-09-01	0113-06-01	0113-09-01	0113-09-25	1130925	2	113	2	3	3	9	39	268	25	4	1	-58578163200	0113-09-25	September 25th, 0113	25 SEP 0113	Second	0113-01-01	Second	Third	Third	September	268	25th	Forth Monday	Monday	S2	T2	Q3	Sep	4th Mon	Mon	0113-S2	0113-T2	0113-Q3	0113-09 (Sep)	0113-268	0113-Second Semester	0113-Third Trimester	0113-Third Quarter	0113-09 (September)	0113-W39	0113-W-1	Weekday
1131025	1010101	1130101	1130701	1130901	1131001	1131001	1131023	0113-10-25	0101-01-01	0113-01-01	0113-07-01	0113-09-01	0113-10-01	0113-10-01	0113-10-23	1131025	2	113	2	3	4	10	43	298	25	4	3	-58575571200	0113-10-25	October 25th, 0113	25 OCT 0113	Second	0113-01-01	Second	Third	Forth	October	298	25th	Forth Wednesday	Wednesday	S2	T2	Q4	Oct	4th Wed	Wed	0113-S2	0113-T2	0113-Q4	0113-10 (Oct)	0113-298	0113-Second Semester	0113-Third Trimester	0113-Forth Quarter	0113-10 (October)	0113-W43	0113-W-3	Weekday
1131125	1010101	1130101	1130701	1130901	1131001	1131101	1131120	0113-11-25	0101-01-01	0113-01-01	0113-07-01	0113-09-01	0113-10-01	0113-11-01	0113-11-20	1131125	2	113	2	3	4	11	47	329	25	4	6	-58572892800	0113-11-25	November 25th, 0113	25 NOV 0113	Second	0113-01-01	Second	Third	Forth	November	329	25th	Forth Saturday	Saturday	S2	T2	Q4	Nov	4th Sat	Sat	0113-S2	0113-T2	0113-Q4	0113-11 (Nov)	0113-329	0113-Second Semester	0113-Third Trimester	0113-Forth Quarter	0113-11 (November)	0113-W47	0113-W-6	Weekend
1131225	1010101	1130101	1130701	1130901	1131001	1131201	1131225	0113-12-25	0101-01-01	0113-01-01	0113-07-01	0113-09-01	0113-10-01	0113-12-01	0113-12-25	1131225	2	113	2	3	4	12	52	359	25	4	1	-58570300800	0113-12-25	December 25th, 0113	25 DEC 0113	Second	0113-01-01	Second	Third	Forth	December	359	25th	Forth Monday	Monday	S2	T2	Q4	Dec	4th Mon	Mon	0113-S2	0113-T2	0113-Q4	0113-12 (Dec)	0113-359	0113-Second Semester	0113-Third Trimester	0113-Forth Quarter	0113-12 (December)	0113-W52	0113-W-1	Weekday
1131226	1010101	1130101	1130701	1130901	1131001	1131201	1131225	0113-12-26	0101-01-01	0113-01-01	0113-07-01	0113-09-01	0113-10-01	0113-12-01	0113-12-25	1131226	2	113	2	3	4	12	52	360	26	4	2	-58570214400	0113-12-26	December 26th, 0113	26 DEC 0113	Second	0113-01-01	Second	Third	Forth	December	360	26th	Forth Tuesday	Tuesday	S2	T2	Q4	Dec	4th Tue	Tue	0113-S2	0113-T2	0113-Q4	0113-12 (Dec)	0113-360	0113-Second Semester	0113-Third Trimester	0113-Forth Quarter	0113-12 (December)	0113-W52	0113-W-2	Weekday
1131126	1010101	1130101	1130701	1130901	1131001	1131101	1131120	0113-11-26	0101-01-01	0113-01-01	0113-07-01	0113-09-01	0113-10-01	0113-11-01	0113-11-20	1131126	2	113	2	3	4	11	47	330	26	4	7	-58572806400	0113-11-26	November 26th, 0113	26 NOV 0113	Second	0113-01-01	Second	Third	Forth	November	330	26th	Forth Sunday	Sunday	S2	T2	Q4	Nov	4th Sun	Sun	0113-S2	0113-T2	0113-Q4	0113-11 (Nov)	0113-330	0113-Second Semester	0113-Third Trimester	0113-Forth Quarter	0113-11 (November)	0113-W47	0113-W-7	Weekend
1131026	1010101	1130101	1130701	1130901	1131001	1131001	1131023	0113-10-26	0101-01-01	0113-01-01	0113-07-01	0113-09-01	0113-10-01	0113-10-01	0113-10-23	1131026	2	113	2	3	4	10	43	299	26	4	4	-58575484800	0113-10-26	October 26th, 0113	26 OCT 0113	Second	0113-01-01	Second	Third	Forth	October	299	26th	Forth Thursday	Thursday	S2	T2	Q4	Oct	4th Thu	Thu	0113-S2	0113-T2	0113-Q4	0113-10 (Oct)	0113-299	0113-Second Semester	0113-Third Trimester	0113-Forth Quarter	0113-10 (October)	0113-W43	0113-W-4	Weekday
1130926	1010101	1130101	1130701	1130901	1130601	1130901	1130925	0113-09-26	0101-01-01	0113-01-01	0113-07-01	0113-09-01	0113-06-01	0113-09-01	0113-09-25	1130926	2	113	2	3	3	9	39	269	26	4	2	-58578076800	0113-09-26	September 26th, 0113	26 SEP 0113	Second	0113-01-01	Second	Third	Third	September	269	26th	Forth Tuesday	Tuesday	S2	T2	Q3	Sep	4th Tue	Tue	0113-S2	0113-T2	0113-Q3	0113-09 (Sep)	0113-269	0113-Second Semester	0113-Third Trimester	0113-Third Quarter	0113-09 (September)	0113-W39	0113-W-2	Weekday
1130826	1010101	1130101	1130701	1130501	1130601	1130801	1130821	0113-08-26	0101-01-01	0113-01-01	0113-07-01	0113-05-01	0113-06-01	0113-08-01	0113-08-21	1130826	2	113	2	2	3	8	34	238	26	4	6	-58580755200	0113-08-26	August 26th, 0113	26 AUG 0113	Second	0113-01-01	Second	Second	Third	August	238	26th	Forth Saturday	Saturday	S2	T2	Q3	Aug	4th Sat	Sat	0113-S2	0113-T2	0113-Q3	0113-08 (Aug)	0113-238	0113-Second Semester	0113-Second Trimester	0113-Third Quarter	0113-08 (August)	0113-W34	0113-W-6	Weekend
1130726	1010101	1130101	1130701	1130501	1130601	1130701	1130724	0113-07-26	0101-01-01	0113-01-01	0113-07-01	0113-05-01	0113-06-01	0113-07-01	0113-07-24	1130726	2	113	2	2	3	7	30	207	26	4	3	-58583433600	0113-07-26	July 26th, 0113	26 JUL 0113	Second	0113-01-01	Second	Second	Third	July	207	26th	Forth Wednesday	Wednesday	S2	T2	Q3	Jul	4th Wed	Wed	0113-S2	0113-T2	0113-Q3	0113-07 (Jul)	0113-207	0113-Second Semester	0113-Second Trimester	0113-Third Quarter	0113-07 (July)	0113-W30	0113-W-3	Weekday
1130626	1010101	1130101	1130101	1130501	1130401	1130601	1130626	0113-06-26	0101-01-01	0113-01-01	0113-01-01	0113-05-01	0113-04-01	0113-06-01	0113-06-26	1130626	2	113	1	2	2	6	26	177	26	4	1	-58586025600	0113-06-26	June 26th, 0113	26 JUN 0113	Second	0113-01-01	First	Second	Second	June	177	26th	Forth Monday	Monday	S1	T1	Q2	Jun	4th Mon	Mon	0113-S1	0113-T1	0113-Q2	0113-06 (Jun)	0113-177	0113-First Semester	0113-Second Trimester	0113-Second Quarter	0113-06 (June)	0113-W26	0113-W-1	Weekday
1130526	1010101	1130101	1130101	1130501	1130401	1130501	1130522	0113-05-26	0101-01-01	0113-01-01	0113-01-01	0113-05-01	0113-04-01	0113-05-01	0113-05-22	1130526	2	113	1	2	2	5	21	146	26	4	5	-58588704000	0113-05-26	May 26th, 0113	26 MAY 0113	Second	0113-01-01	First	Second	Second	May	146	26th	Forth Friday	Friday	S1	T1	Q2	May	4th Fri	Fri	0113-S1	0113-T1	0113-Q2	0113-05 (May)	0113-146	0113-First Semester	0113-Second Trimester	0113-Second Quarter	0113-05 (May)	0113-W21	0113-W-5	Weekday
1130426	1010101	1130101	1130101	1130101	1130401	1130401	1130424	0113-04-26	0101-01-01	0113-01-01	0113-01-01	0113-01-01	0113-04-01	0113-04-01	0113-04-24	1130426	2	113	1	1	2	4	17	116	26	4	3	-58591296000	0113-04-26	April 26th, 0113	26 APR 0113	Second	0113-01-01	First	First	Second	April	116	26th	Forth Wednesday	Wednesday	S1	T1	Q2	Apr	4th Wed	Wed	0113-S1	0113-T1	0113-Q2	0113-04 (Apr)	0113-116	0113-First Semester	0113-First Trimester	0113-Second Quarter	0113-04 (April)	0113-W17	0113-W-3	Weekday
1130326	1010101	1130101	1130101	1130101	1130101	1130301	1130320	0113-03-26	0101-01-01	0113-01-01	0113-01-01	0113-01-01	0113-01-01	0113-03-01	0113-03-20	1130326	2	113	1	1	1	3	12	85	26	4	7	-58593974400	0113-03-26	March 26th, 0113	26 MAR 0113	Second	0113-01-01	First	First	First	March	085	26th	Forth Sunday	Sunday	S1	T1	Q1	Mar	4th Sun	Sun	0113-S1	0113-T1	0113-Q1	0113-03 (Mar)	0113-085	0113-First Semester	0113-First Trimester	0113-First Quarter	0113-03 (March)	0113-W12	0113-W-7	Weekend
1130226	1010101	1130101	1130101	1130101	1130101	1130201	1130220	0113-02-26	0101-01-01	0113-01-01	0113-01-01	0113-01-01	0113-01-01	0113-02-01	0113-02-20	1130226	2	113	1	1	1	2	8	57	26	4	7	-58596393600	0113-02-26	February 26th, 0113	26 FEB 0113	Second	0113-01-01	First	First	First	February	057	26th	Forth Sunday	Sunday	S1	T1	Q1	Feb	4th Sun	Sun	0113-S1	0113-T1	0113-Q1	0113-02 (Feb)	0113-057	0113-First Semester	0113-First Trimester	0113-First Quarter	0113-02 (February)	0113-W08	0113-W-7	Weekend
1130126	1010101	1130101	1130101	1130101	1130101	1130101	1130123	0113-01-26	0101-01-01	0113-01-01	0113-01-01	0113-01-01	0113-01-01	0113-01-01	0113-01-23	1130126	2	113	1	1	1	1	4	26	26	4	4	-58599072000	0113-01-26	January 26th, 0113	26 JAN 0113	Second	0113-01-01	First	First	First	January	026	26th	Forth Thursday	Thursday	S1	T1	Q1	Jan	4th Thu	Thu	0113-S1	0113-T1	0113-Q1	0113-01 (Jan)	0113-026	0113-First Semester	0113-First Trimester	0113-First Quarter	0113-01 (January)	0113-W04	0113-W-4	Weekday
1130127	1010101	1130101	1130101	1130101	1130101	1130101	1130123	0113-01-27	0101-01-01	0113-01-01	0113-01-01	0113-01-01	0113-01-01	0113-01-01	0113-01-23	1130127	2	113	1	1	1	1	4	27	27	4	5	-58598985600	0113-01-27	January 27th, 0113	27 JAN 0113	Second	0113-01-01	First	First	First	January	027	27th	Forth Friday	Friday	S1	T1	Q1	Jan	4th Fri	Fri	0113-S1	0113-T1	0113-Q1	0113-01 (Jan)	0113-027	0113-First Semester	0113-First Trimester	0113-First Quarter	0113-01 (January)	0113-W04	0113-W-5	Weekday
1130227	1010101	1130101	1130101	1130101	1130101	1130201	1130227	0113-02-27	0101-01-01	0113-01-01	0113-01-01	0113-01-01	0113-01-01	0113-02-01	0113-02-27	1130227	2	113	1	1	1	2	9	58	27	4	1	-58596307200	0113-02-27	February 27th, 0113	27 FEB 0113	Second	0113-01-01	First	First	First	February	058	27th	Forth Monday	Monday	S1	T1	Q1	Feb	4th Mon	Mon	0113-S1	0113-T1	0113-Q1	0113-02 (Feb)	0113-058	0113-First Semester	0113-First Trimester	0113-First Quarter	0113-02 (February)	0113-W09	0113-W-1	Weekday
1130327	1010101	1130101	1130101	1130101	1130101	1130301	1130327	0113-03-27	0101-01-01	0113-01-01	0113-01-01	0113-01-01	0113-01-01	0113-03-01	0113-03-27	1130327	2	113	1	1	1	3	13	86	27	4	1	-58593888000	0113-03-27	March 27th, 0113	27 MAR 0113	Second	0113-01-01	First	First	First	March	086	27th	Forth Monday	Monday	S1	T1	Q1	Mar	4th Mon	Mon	0113-S1	0113-T1	0113-Q1	0113-03 (Mar)	0113-086	0113-First Semester	0113-First Trimester	0113-First Quarter	0113-03 (March)	0113-W13	0113-W-1	Weekday
1130427	1010101	1130101	1130101	1130101	1130401	1130401	1130424	0113-04-27	0101-01-01	0113-01-01	0113-01-01	0113-01-01	0113-04-01	0113-04-01	0113-04-24	1130427	2	113	1	1	2	4	17	117	27	4	4	-58591209600	0113-04-27	April 27th, 0113	27 APR 0113	Second	0113-01-01	First	First	Second	April	117	27th	Forth Thursday	Thursday	S1	T1	Q2	Apr	4th Thu	Thu	0113-S1	0113-T1	0113-Q2	0113-04 (Apr)	0113-117	0113-First Semester	0113-First Trimester	0113-Second Quarter	0113-04 (April)	0113-W17	0113-W-4	Weekday
1130527	1010101	1130101	1130101	1130501	1130401	1130501	1130522	0113-05-27	0101-01-01	0113-01-01	0113-01-01	0113-05-01	0113-04-01	0113-05-01	0113-05-22	1130527	2	113	1	2	2	5	21	147	27	4	6	-58588617600	0113-05-27	May 27th, 0113	27 MAY 0113	Second	0113-01-01	First	Second	Second	May	147	27th	Forth Saturday	Saturday	S1	T1	Q2	May	4th Sat	Sat	0113-S1	0113-T1	0113-Q2	0113-05 (May)	0113-147	0113-First Semester	0113-Second Trimester	0113-Second Quarter	0113-05 (May)	0113-W21	0113-W-6	Weekend
1130627	1010101	1130101	1130101	1130501	1130401	1130601	1130626	0113-06-27	0101-01-01	0113-01-01	0113-01-01	0113-05-01	0113-04-01	0113-06-01	0113-06-26	1130627	2	113	1	2	2	6	26	178	27	4	2	-58585939200	0113-06-27	June 27th, 0113	27 JUN 0113	Second	0113-01-01	First	Second	Second	June	178	27th	Forth Tuesday	Tuesday	S1	T1	Q2	Jun	4th Tue	Tue	0113-S1	0113-T1	0113-Q2	0113-06 (Jun)	0113-178	0113-First Semester	0113-Second Trimester	0113-Second Quarter	0113-06 (June)	0113-W26	0113-W-2	Weekday
1130727	1010101	1130101	1130701	1130501	1130601	1130701	1130724	0113-07-27	0101-01-01	0113-01-01	0113-07-01	0113-05-01	0113-06-01	0113-07-01	0113-07-24	1130727	2	113	2	2	3	7	30	208	27	4	4	-58583347200	0113-07-27	July 27th, 0113	27 JUL 0113	Second	0113-01-01	Second	Second	Third	July	208	27th	Forth Thursday	Thursday	S2	T2	Q3	Jul	4th Thu	Thu	0113-S2	0113-T2	0113-Q3	0113-07 (Jul)	0113-208	0113-Second Semester	0113-Second Trimester	0113-Third Quarter	0113-07 (July)	0113-W30	0113-W-4	Weekday
1130827	1010101	1130101	1130701	1130501	1130601	1130801	1130821	0113-08-27	0101-01-01	0113-01-01	0113-07-01	0113-05-01	0113-06-01	0113-08-01	0113-08-21	1130827	2	113	2	2	3	8	34	239	27	4	7	-58580668800	0113-08-27	August 27th, 0113	27 AUG 0113	Second	0113-01-01	Second	Second	Third	August	239	27th	Forth Sunday	Sunday	S2	T2	Q3	Aug	4th Sun	Sun	0113-S2	0113-T2	0113-Q3	0113-08 (Aug)	0113-239	0113-Second Semester	0113-Second Trimester	0113-Third Quarter	0113-08 (August)	0113-W34	0113-W-7	Weekend
1130927	1010101	1130101	1130701	1130901	1130601	1130901	1130925	0113-09-27	0101-01-01	0113-01-01	0113-07-01	0113-09-01	0113-06-01	0113-09-01	0113-09-25	1130927	2	113	2	3	3	9	39	270	27	4	3	-58577990400	0113-09-27	September 27th, 0113	27 SEP 0113	Second	0113-01-01	Second	Third	Third	September	270	27th	Forth Wednesday	Wednesday	S2	T2	Q3	Sep	4th Wed	Wed	0113-S2	0113-T2	0113-Q3	0113-09 (Sep)	0113-270	0113-Second Semester	0113-Third Trimester	0113-Third Quarter	0113-09 (September)	0113-W39	0113-W-3	Weekday
1131027	1010101	1130101	1130701	1130901	1131001	1131001	1131023	0113-10-27	0101-01-01	0113-01-01	0113-07-01	0113-09-01	0113-10-01	0113-10-01	0113-10-23	1131027	2	113	2	3	4	10	43	300	27	4	5	-58575398400	0113-10-27	October 27th, 0113	27 OCT 0113	Second	0113-01-01	Second	Third	Forth	October	300	27th	Forth Friday	Friday	S2	T2	Q4	Oct	4th Fri	Fri	0113-S2	0113-T2	0113-Q4	0113-10 (Oct)	0113-300	0113-Second Semester	0113-Third Trimester	0113-Forth Quarter	0113-10 (October)	0113-W43	0113-W-5	Weekday
1131127	1010101	1130101	1130701	1130901	1131001	1131101	1131127	0113-11-27	0101-01-01	0113-01-01	0113-07-01	0113-09-01	0113-10-01	0113-11-01	0113-11-27	1131127	2	113	2	3	4	11	48	331	27	4	1	-58572720000	0113-11-27	November 27th, 0113	27 NOV 0113	Second	0113-01-01	Second	Third	Forth	November	331	27th	Forth Monday	Monday	S2	T2	Q4	Nov	4th Mon	Mon	0113-S2	0113-T2	0113-Q4	0113-11 (Nov)	0113-331	0113-Second Semester	0113-Third Trimester	0113-Forth Quarter	0113-11 (November)	0113-W48	0113-W-1	Weekday
1131227	1010101	1130101	1130701	1130901	1131001	1131201	1131225	0113-12-27	0101-01-01	0113-01-01	0113-07-01	0113-09-01	0113-10-01	0113-12-01	0113-12-25	1131227	2	113	2	3	4	12	52	361	27	4	3	-58570128000	0113-12-27	December 27th, 0113	27 DEC 0113	Second	0113-01-01	Second	Third	Forth	December	361	27th	Forth Wednesday	Wednesday	S2	T2	Q4	Dec	4th Wed	Wed	0113-S2	0113-T2	0113-Q4	0113-12 (Dec)	0113-361	0113-Second Semester	0113-Third Trimester	0113-Forth Quarter	0113-12 (December)	0113-W52	0113-W-3	Weekday
1131228	1010101	1130101	1130701	1130901	1131001	1131201	1131225	0113-12-28	0101-01-01	0113-01-01	0113-07-01	0113-09-01	0113-10-01	0113-12-01	0113-12-25	1131228	2	113	2	3	4	12	52	362	28	4	4	-58570041600	0113-12-28	December 28th, 0113	28 DEC 0113	Second	0113-01-01	Second	Third	Forth	December	362	28th	Forth Thursday	Thursday	S2	T2	Q4	Dec	4th Thu	Thu	0113-S2	0113-T2	0113-Q4	0113-12 (Dec)	0113-362	0113-Second Semester	0113-Third Trimester	0113-Forth Quarter	0113-12 (December)	0113-W52	0113-W-4	Weekday
1131128	1010101	1130101	1130701	1130901	1131001	1131101	1131127	0113-11-28	0101-01-01	0113-01-01	0113-07-01	0113-09-01	0113-10-01	0113-11-01	0113-11-27	1131128	2	113	2	3	4	11	48	332	28	4	2	-58572633600	0113-11-28	November 28th, 0113	28 NOV 0113	Second	0113-01-01	Second	Third	Forth	November	332	28th	Forth Tuesday	Tuesday	S2	T2	Q4	Nov	4th Tue	Tue	0113-S2	0113-T2	0113-Q4	0113-11 (Nov)	0113-332	0113-Second Semester	0113-Third Trimester	0113-Forth Quarter	0113-11 (November)	0113-W48	0113-W-2	Weekday
1131028	1010101	1130101	1130701	1130901	1131001	1131001	1131023	0113-10-28	0101-01-01	0113-01-01	0113-07-01	0113-09-01	0113-10-01	0113-10-01	0113-10-23	1131028	2	113	2	3	4	10	43	301	28	4	6	-58575312000	0113-10-28	October 28th, 0113	28 OCT 0113	Second	0113-01-01	Second	Third	Forth	October	301	28th	Forth Saturday	Saturday	S2	T2	Q4	Oct	4th Sat	Sat	0113-S2	0113-T2	0113-Q4	0113-10 (Oct)	0113-301	0113-Second Semester	0113-Third Trimester	0113-Forth Quarter	0113-10 (October)	0113-W43	0113-W-6	Weekend
1130928	1010101	1130101	1130701	1130901	1130601	1130901	1130925	0113-09-28	0101-01-01	0113-01-01	0113-07-01	0113-09-01	0113-06-01	0113-09-01	0113-09-25	1130928	2	113	2	3	3	9	39	271	28	4	4	-58577904000	0113-09-28	September 28th, 0113	28 SEP 0113	Second	0113-01-01	Second	Third	Third	September	271	28th	Forth Thursday	Thursday	S2	T2	Q3	Sep	4th Thu	Thu	0113-S2	0113-T2	0113-Q3	0113-09 (Sep)	0113-271	0113-Second Semester	0113-Third Trimester	0113-Third Quarter	0113-09 (September)	0113-W39	0113-W-4	Weekday
1130828	1010101	1130101	1130701	1130501	1130601	1130801	1130828	0113-08-28	0101-01-01	0113-01-01	0113-07-01	0113-05-01	0113-06-01	0113-08-01	0113-08-28	1130828	2	113	2	2	3	8	35	240	28	4	1	-58580582400	0113-08-28	August 28th, 0113	28 AUG 0113	Second	0113-01-01	Second	Second	Third	August	240	28th	Forth Monday	Monday	S2	T2	Q3	Aug	4th Mon	Mon	0113-S2	0113-T2	0113-Q3	0113-08 (Aug)	0113-240	0113-Second Semester	0113-Second Trimester	0113-Third Quarter	0113-08 (August)	0113-W35	0113-W-1	Weekday
1130728	1010101	1130101	1130701	1130501	1130601	1130701	1130724	0113-07-28	0101-01-01	0113-01-01	0113-07-01	0113-05-01	0113-06-01	0113-07-01	0113-07-24	1130728	2	113	2	2	3	7	30	209	28	4	5	-58583260800	0113-07-28	July 28th, 0113	28 JUL 0113	Second	0113-01-01	Second	Second	Third	July	209	28th	Forth Friday	Friday	S2	T2	Q3	Jul	4th Fri	Fri	0113-S2	0113-T2	0113-Q3	0113-07 (Jul)	0113-209	0113-Second Semester	0113-Second Trimester	0113-Third Quarter	0113-07 (July)	0113-W30	0113-W-5	Weekday
1130628	1010101	1130101	1130101	1130501	1130401	1130601	1130626	0113-06-28	0101-01-01	0113-01-01	0113-01-01	0113-05-01	0113-04-01	0113-06-01	0113-06-26	1130628	2	113	1	2	2	6	26	179	28	4	3	-58585852800	0113-06-28	June 28th, 0113	28 JUN 0113	Second	0113-01-01	First	Second	Second	June	179	28th	Forth Wednesday	Wednesday	S1	T1	Q2	Jun	4th Wed	Wed	0113-S1	0113-T1	0113-Q2	0113-06 (Jun)	0113-179	0113-First Semester	0113-Second Trimester	0113-Second Quarter	0113-06 (June)	0113-W26	0113-W-3	Weekday
1130528	1010101	1130101	1130101	1130501	1130401	1130501	1130522	0113-05-28	0101-01-01	0113-01-01	0113-01-01	0113-05-01	0113-04-01	0113-05-01	0113-05-22	1130528	2	113	1	2	2	5	21	148	28	4	7	-58588531200	0113-05-28	May 28th, 0113	28 MAY 0113	Second	0113-01-01	First	Second	Second	May	148	28th	Forth Sunday	Sunday	S1	T1	Q2	May	4th Sun	Sun	0113-S1	0113-T1	0113-Q2	0113-05 (May)	0113-148	0113-First Semester	0113-Second Trimester	0113-Second Quarter	0113-05 (May)	0113-W21	0113-W-7	Weekend
1130428	1010101	1130101	1130101	1130101	1130401	1130401	1130424	0113-04-28	0101-01-01	0113-01-01	0113-01-01	0113-01-01	0113-04-01	0113-04-01	0113-04-24	1130428	2	113	1	1	2	4	17	118	28	4	5	-58591123200	0113-04-28	April 28th, 0113	28 APR 0113	Second	0113-01-01	First	First	Second	April	118	28th	Forth Friday	Friday	S1	T1	Q2	Apr	4th Fri	Fri	0113-S1	0113-T1	0113-Q2	0113-04 (Apr)	0113-118	0113-First Semester	0113-First Trimester	0113-Second Quarter	0113-04 (April)	0113-W17	0113-W-5	Weekday
1130328	1010101	1130101	1130101	1130101	1130101	1130301	1130327	0113-03-28	0101-01-01	0113-01-01	0113-01-01	0113-01-01	0113-01-01	0113-03-01	0113-03-27	1130328	2	113	1	1	1	3	13	87	28	4	2	-58593801600	0113-03-28	March 28th, 0113	28 MAR 0113	Second	0113-01-01	First	First	First	March	087	28th	Forth Tuesday	Tuesday	S1	T1	Q1	Mar	4th Tue	Tue	0113-S1	0113-T1	0113-Q1	0113-03 (Mar)	0113-087	0113-First Semester	0113-First Trimester	0113-First Quarter	0113-03 (March)	0113-W13	0113-W-2	Weekday
1130228	1010101	1130101	1130101	1130101	1130101	1130201	1130227	0113-02-28	0101-01-01	0113-01-01	0113-01-01	0113-01-01	0113-01-01	0113-02-01	0113-02-27	1130228	2	113	1	1	1	2	9	59	28	4	2	-58596220800	0113-02-28	February 28th, 0113	28 FEB 0113	Second	0113-01-01	First	First	First	February	059	28th	Forth Tuesday	Tuesday	S1	T1	Q1	Feb	4th Tue	Tue	0113-S1	0113-T1	0113-Q1	0113-02 (Feb)	0113-059	0113-First Semester	0113-First Trimester	0113-First Quarter	0113-02 (February)	0113-W09	0113-W-2	Weekday
1130128	1010101	1130101	1130101	1130101	1130101	1130101	1130123	0113-01-28	0101-01-01	0113-01-01	0113-01-01	0113-01-01	0113-01-01	0113-01-01	0113-01-23	1130128	2	113	1	1	1	1	4	28	28	4	6	-58598899200	0113-01-28	January 28th, 0113	28 JAN 0113	Second	0113-01-01	First	First	First	January	028	28th	Forth Saturday	Saturday	S1	T1	Q1	Jan	4th Sat	Sat	0113-S1	0113-T1	0113-Q1	0113-01 (Jan)	0113-028	0113-First Semester	0113-First Trimester	0113-First Quarter	0113-01 (January)	0113-W04	0113-W-6	Weekend
1130129	1010101	1130101	1130101	1130101	1130101	1130101	1130123	0113-01-29	0101-01-01	0113-01-01	0113-01-01	0113-01-01	0113-01-01	0113-01-01	0113-01-23	1130129	2	113	1	1	1	1	4	29	29	5	7	-58598812800	0113-01-29	January 29th, 0113	29 JAN 0113	Second	0113-01-01	First	First	First	January	029	29th	Fifth Sunday	Sunday	S1	T1	Q1	Jan	5th Sun	Sun	0113-S1	0113-T1	0113-Q1	0113-01 (Jan)	0113-029	0113-First Semester	0113-First Trimester	0113-First Quarter	0113-01 (January)	0113-W04	0113-W-7	Weekend
1130329	1010101	1130101	1130101	1130101	1130101	1130301	1130327	0113-03-29	0101-01-01	0113-01-01	0113-01-01	0113-01-01	0113-01-01	0113-03-01	0113-03-27	1130329	2	113	1	1	1	3	13	88	29	5	3	-58593715200	0113-03-29	March 29th, 0113	29 MAR 0113	Second	0113-01-01	First	First	First	March	088	29th	Fifth Wednesday	Wednesday	S1	T1	Q1	Mar	5th Wed	Wed	0113-S1	0113-T1	0113-Q1	0113-03 (Mar)	0113-088	0113-First Semester	0113-First Trimester	0113-First Quarter	0113-03 (March)	0113-W13	0113-W-3	Weekday
1130429	1010101	1130101	1130101	1130101	1130401	1130401	1130424	0113-04-29	0101-01-01	0113-01-01	0113-01-01	0113-01-01	0113-04-01	0113-04-01	0113-04-24	1130429	2	113	1	1	2	4	17	119	29	5	6	-58591036800	0113-04-29	April 29th, 0113	29 APR 0113	Second	0113-01-01	First	First	Second	April	119	29th	Fifth Saturday	Saturday	S1	T1	Q2	Apr	5th Sat	Sat	0113-S1	0113-T1	0113-Q2	0113-04 (Apr)	0113-119	0113-First Semester	0113-First Trimester	0113-Second Quarter	0113-04 (April)	0113-W17	0113-W-6	Weekend
1130529	1010101	1130101	1130101	1130501	1130401	1130501	1130529	0113-05-29	0101-01-01	0113-01-01	0113-01-01	0113-05-01	0113-04-01	0113-05-01	0113-05-29	1130529	2	113	1	2	2	5	22	149	29	5	1	-58588444800	0113-05-29	May 29th, 0113	29 MAY 0113	Second	0113-01-01	First	Second	Second	May	149	29th	Fifth Monday	Monday	S1	T1	Q2	May	5th Mon	Mon	0113-S1	0113-T1	0113-Q2	0113-05 (May)	0113-149	0113-First Semester	0113-Second Trimester	0113-Second Quarter	0113-05 (May)	0113-W22	0113-W-1	Weekday
1130629	1010101	1130101	1130101	1130501	1130401	1130601	1130626	0113-06-29	0101-01-01	0113-01-01	0113-01-01	0113-05-01	0113-04-01	0113-06-01	0113-06-26	1130629	2	113	1	2	2	6	26	180	29	5	4	-58585766400	0113-06-29	June 29th, 0113	29 JUN 0113	Second	0113-01-01	First	Second	Second	June	180	29th	Fifth Thursday	Thursday	S1	T1	Q2	Jun	5th Thu	Thu	0113-S1	0113-T1	0113-Q2	0113-06 (Jun)	0113-180	0113-First Semester	0113-Second Trimester	0113-Second Quarter	0113-06 (June)	0113-W26	0113-W-4	Weekday
1130729	1010101	1130101	1130701	1130501	1130601	1130701	1130724	0113-07-29	0101-01-01	0113-01-01	0113-07-01	0113-05-01	0113-06-01	0113-07-01	0113-07-24	1130729	2	113	2	2	3	7	30	210	29	5	6	-58583174400	0113-07-29	July 29th, 0113	29 JUL 0113	Second	0113-01-01	Second	Second	Third	July	210	29th	Fifth Saturday	Saturday	S2	T2	Q3	Jul	5th Sat	Sat	0113-S2	0113-T2	0113-Q3	0113-07 (Jul)	0113-210	0113-Second Semester	0113-Second Trimester	0113-Third Quarter	0113-07 (July)	0113-W30	0113-W-6	Weekend
1130829	1010101	1130101	1130701	1130501	1130601	1130801	1130828	0113-08-29	0101-01-01	0113-01-01	0113-07-01	0113-05-01	0113-06-01	0113-08-01	0113-08-28	1130829	2	113	2	2	3	8	35	241	29	5	2	-58580496000	0113-08-29	August 29th, 0113	29 AUG 0113	Second	0113-01-01	Second	Second	Third	August	241	29th	Fifth Tuesday	Tuesday	S2	T2	Q3	Aug	5th Tue	Tue	0113-S2	0113-T2	0113-Q3	0113-08 (Aug)	0113-241	0113-Second Semester	0113-Second Trimester	0113-Third Quarter	0113-08 (August)	0113-W35	0113-W-2	Weekday
1130929	1010101	1130101	1130701	1130901	1130601	1130901	1130925	0113-09-29	0101-01-01	0113-01-01	0113-07-01	0113-09-01	0113-06-01	0113-09-01	0113-09-25	1130929	2	113	2	3	3	9	39	272	29	5	5	-58577817600	0113-09-29	September 29th, 0113	29 SEP 0113	Second	0113-01-01	Second	Third	Third	September	272	29th	Fifth Friday	Friday	S2	T2	Q3	Sep	5th Fri	Fri	0113-S2	0113-T2	0113-Q3	0113-09 (Sep)	0113-272	0113-Second Semester	0113-Third Trimester	0113-Third Quarter	0113-09 (September)	0113-W39	0113-W-5	Weekday
1131029	1010101	1130101	1130701	1130901	1131001	1131001	1131023	0113-10-29	0101-01-01	0113-01-01	0113-07-01	0113-09-01	0113-10-01	0113-10-01	0113-10-23	1131029	2	113	2	3	4	10	43	302	29	5	7	-58575225600	0113-10-29	October 29th, 0113	29 OCT 0113	Second	0113-01-01	Second	Third	Forth	October	302	29th	Fifth Sunday	Sunday	S2	T2	Q4	Oct	5th Sun	Sun	0113-S2	0113-T2	0113-Q4	0113-10 (Oct)	0113-302	0113-Second Semester	0113-Third Trimester	0113-Forth Quarter	0113-10 (October)	0113-W43	0113-W-7	Weekend
1131129	1010101	1130101	1130701	1130901	1131001	1131101	1131127	0113-11-29	0101-01-01	0113-01-01	0113-07-01	0113-09-01	0113-10-01	0113-11-01	0113-11-27	1131129	2	113	2	3	4	11	48	333	29	5	3	-58572547200	0113-11-29	November 29th, 0113	29 NOV 0113	Second	0113-01-01	Second	Third	Forth	November	333	29th	Fifth Wednesday	Wednesday	S2	T2	Q4	Nov	5th Wed	Wed	0113-S2	0113-T2	0113-Q4	0113-11 (Nov)	0113-333	0113-Second Semester	0113-Third Trimester	0113-Forth Quarter	0113-11 (November)	0113-W48	0113-W-3	Weekday
1131229	1010101	1130101	1130701	1130901	1131001	1131201	1131225	0113-12-29	0101-01-01	0113-01-01	0113-07-01	0113-09-01	0113-10-01	0113-12-01	0113-12-25	1131229	2	113	2	3	4	12	52	363	29	5	5	-58569955200	0113-12-29	December 29th, 0113	29 DEC 0113	Second	0113-01-01	Second	Third	Forth	December	363	29th	Fifth Friday	Friday	S2	T2	Q4	Dec	5th Fri	Fri	0113-S2	0113-T2	0113-Q4	0113-12 (Dec)	0113-363	0113-Second Semester	0113-Third Trimester	0113-Forth Quarter	0113-12 (December)	0113-W52	0113-W-5	Weekday
1131230	1010101	1130101	1130701	1130901	1131001	1131201	1131225	0113-12-30	0101-01-01	0113-01-01	0113-07-01	0113-09-01	0113-10-01	0113-12-01	0113-12-25	1131230	2	113	2	3	4	12	52	364	30	5	6	-58569868800	0113-12-30	December 30th, 0113	30 DEC 0113	Second	0113-01-01	Second	Third	Forth	December	364	30th	Fifth Saturday	Saturday	S2	T2	Q4	Dec	5th Sat	Sat	0113-S2	0113-T2	0113-Q4	0113-12 (Dec)	0113-364	0113-Second Semester	0113-Third Trimester	0113-Forth Quarter	0113-12 (December)	0113-W52	0113-W-6	Weekend
1131130	1010101	1130101	1130701	1130901	1131001	1131101	1131127	0113-11-30	0101-01-01	0113-01-01	0113-07-01	0113-09-01	0113-10-01	0113-11-01	0113-11-27	1131130	2	113	2	3	4	11	48	334	30	5	4	-58572460800	0113-11-30	November 30th, 0113	30 NOV 0113	Second	0113-01-01	Second	Third	Forth	November	334	30th	Fifth Thursday	Thursday	S2	T2	Q4	Nov	5th Thu	Thu	0113-S2	0113-T2	0113-Q4	0113-11 (Nov)	0113-334	0113-Second Semester	0113-Third Trimester	0113-Forth Quarter	0113-11 (November)	0113-W48	0113-W-4	Weekday
1131030	1010101	1130101	1130701	1130901	1131001	1131001	1131030	0113-10-30	0101-01-01	0113-01-01	0113-07-01	0113-09-01	0113-10-01	0113-10-01	0113-10-30	1131030	2	113	2	3	4	10	44	303	30	5	1	-58575139200	0113-10-30	October 30th, 0113	30 OCT 0113	Second	0113-01-01	Second	Third	Forth	October	303	30th	Fifth Monday	Monday	S2	T2	Q4	Oct	5th Mon	Mon	0113-S2	0113-T2	0113-Q4	0113-10 (Oct)	0113-303	0113-Second Semester	0113-Third Trimester	0113-Forth Quarter	0113-10 (October)	0113-W44	0113-W-1	Weekday
1130930	1010101	1130101	1130701	1130901	1130601	1130901	1130925	0113-09-30	0101-01-01	0113-01-01	0113-07-01	0113-09-01	0113-06-01	0113-09-01	0113-09-25	1130930	2	113	2	3	3	9	39	273	30	5	6	-58577731200	0113-09-30	September 30th, 0113	30 SEP 0113	Second	0113-01-01	Second	Third	Third	September	273	30th	Fifth Saturday	Saturday	S2	T2	Q3	Sep	5th Sat	Sat	0113-S2	0113-T2	0113-Q3	0113-09 (Sep)	0113-273	0113-Second Semester	0113-Third Trimester	0113-Third Quarter	0113-09 (September)	0113-W39	0113-W-6	Weekend
1130830	1010101	1130101	1130701	1130501	1130601	1130801	1130828	0113-08-30	0101-01-01	0113-01-01	0113-07-01	0113-05-01	0113-06-01	0113-08-01	0113-08-28	1130830	2	113	2	2	3	8	35	242	30	5	3	-58580409600	0113-08-30	August 30th, 0113	30 AUG 0113	Second	0113-01-01	Second	Second	Third	August	242	30th	Fifth Wednesday	Wednesday	S2	T2	Q3	Aug	5th Wed	Wed	0113-S2	0113-T2	0113-Q3	0113-08 (Aug)	0113-242	0113-Second Semester	0113-Second Trimester	0113-Third Quarter	0113-08 (August)	0113-W35	0113-W-3	Weekday
1130730	1010101	1130101	1130701	1130501	1130601	1130701	1130724	0113-07-30	0101-01-01	0113-01-01	0113-07-01	0113-05-01	0113-06-01	0113-07-01	0113-07-24	1130730	2	113	2	2	3	7	30	211	30	5	7	-58583088000	0113-07-30	July 30th, 0113	30 JUL 0113	Second	0113-01-01	Second	Second	Third	July	211	30th	Fifth Sunday	Sunday	S2	T2	Q3	Jul	5th Sun	Sun	0113-S2	0113-T2	0113-Q3	0113-07 (Jul)	0113-211	0113-Second Semester	0113-Second Trimester	0113-Third Quarter	0113-07 (July)	0113-W30	0113-W-7	Weekend
1130630	1010101	1130101	1130101	1130501	1130401	1130601	1130626	0113-06-30	0101-01-01	0113-01-01	0113-01-01	0113-05-01	0113-04-01	0113-06-01	0113-06-26	1130630	2	113	1	2	2	6	26	181	30	5	5	-58585680000	0113-06-30	June 30th, 0113	30 JUN 0113	Second	0113-01-01	First	Second	Second	June	181	30th	Fifth Friday	Friday	S1	T1	Q2	Jun	5th Fri	Fri	0113-S1	0113-T1	0113-Q2	0113-06 (Jun)	0113-181	0113-First Semester	0113-Second Trimester	0113-Second Quarter	0113-06 (June)	0113-W26	0113-W-5	Weekday
1130530	1010101	1130101	1130101	1130501	1130401	1130501	1130529	0113-05-30	0101-01-01	0113-01-01	0113-01-01	0113-05-01	0113-04-01	0113-05-01	0113-05-29	1130530	2	113	1	2	2	5	22	150	30	5	2	-58588358400	0113-05-30	May 30th, 0113	30 MAY 0113	Second	0113-01-01	First	Second	Second	May	150	30th	Fifth Tuesday	Tuesday	S1	T1	Q2	May	5th Tue	Tue	0113-S1	0113-T1	0113-Q2	0113-05 (May)	0113-150	0113-First Semester	0113-Second Trimester	0113-Second Quarter	0113-05 (May)	0113-W22	0113-W-2	Weekday
1130430	1010101	1130101	1130101	1130101	1130401	1130401	1130424	0113-04-30	0101-01-01	0113-01-01	0113-01-01	0113-01-01	0113-04-01	0113-04-01	0113-04-24	1130430	2	113	1	1	2	4	17	120	30	5	7	-58590950400	0113-04-30	April 30th, 0113	30 APR 0113	Second	0113-01-01	First	First	Second	April	120	30th	Fifth Sunday	Sunday	S1	T1	Q2	Apr	5th Sun	Sun	0113-S1	0113-T1	0113-Q2	0113-04 (Apr)	0113-120	0113-First Semester	0113-First Trimester	0113-Second Quarter	0113-04 (April)	0113-W17	0113-W-7	Weekend
1130330	1010101	1130101	1130101	1130101	1130101	1130301	1130327	0113-03-30	0101-01-01	0113-01-01	0113-01-01	0113-01-01	0113-01-01	0113-03-01	0113-03-27	1130330	2	113	1	1	1	3	13	89	30	5	4	-58593628800	0113-03-30	March 30th, 0113	30 MAR 0113	Second	0113-01-01	First	First	First	March	089	30th	Fifth Thursday	Thursday	S1	T1	Q1	Mar	5th Thu	Thu	0113-S1	0113-T1	0113-Q1	0113-03 (Mar)	0113-089	0113-First Semester	0113-First Trimester	0113-First Quarter	0113-03 (March)	0113-W13	0113-W-4	Weekday
1130130	1010101	1130101	1130101	1130101	1130101	1130101	1130130	0113-01-30	0101-01-01	0113-01-01	0113-01-01	0113-01-01	0113-01-01	0113-01-01	0113-01-30	1130130	2	113	1	1	1	1	5	30	30	5	1	-58598726400	0113-01-30	January 30th, 0113	30 JAN 0113	Second	0113-01-01	First	First	First	January	030	30th	Fifth Monday	Monday	S1	T1	Q1	Jan	5th Mon	Mon	0113-S1	0113-T1	0113-Q1	0113-01 (Jan)	0113-030	0113-First Semester	0113-First Trimester	0113-First Quarter	0113-01 (January)	0113-W05	0113-W-1	Weekday
1130131	1010101	1130101	1130101	1130101	1130101	1130101	1130130	0113-01-31	0101-01-01	0113-01-01	0113-01-01	0113-01-01	0113-01-01	0113-01-01	0113-01-30	1130131	2	113	1	1	1	1	5	31	31	5	2	-58598640000	0113-01-31	January 31st, 0113	31 JAN 0113	Second	0113-01-01	First	First	First	January	031	31st	Fifth Tuesday	Tuesday	S1	T1	Q1	Jan	5th Tue	Tue	0113-S1	0113-T1	0113-Q1	0113-01 (Jan)	0113-031	0113-First Semester	0113-First Trimester	0113-First Quarter	0113-01 (January)	0113-W05	0113-W-2	Weekday
1130331	1010101	1130101	1130101	1130101	1130101	1130301	1130327	0113-03-31	0101-01-01	0113-01-01	0113-01-01	0113-01-01	0113-01-01	0113-03-01	0113-03-27	1130331	2	113	1	1	1	3	13	90	31	5	5	-58593542400	0113-03-31	March 31st, 0113	31 MAR 0113	Second	0113-01-01	First	First	First	March	090	31st	Fifth Friday	Friday	S1	T1	Q1	Mar	5th Fri	Fri	0113-S1	0113-T1	0113-Q1	0113-03 (Mar)	0113-090	0113-First Semester	0113-First Trimester	0113-First Quarter	0113-03 (March)	0113-W13	0113-W-5	Weekday
1130531	1010101	1130101	1130101	1130501	1130401	1130501	1130529	0113-05-31	0101-01-01	0113-01-01	0113-01-01	0113-05-01	0113-04-01	0113-05-01	0113-05-29	1130531	2	113	1	2	2	5	22	151	31	5	3	-58588272000	0113-05-31	May 31st, 0113	31 MAY 0113	Second	0113-01-01	First	Second	Second	May	151	31st	Fifth Wednesday	Wednesday	S1	T1	Q2	May	5th Wed	Wed	0113-S1	0113-T1	0113-Q2	0113-05 (May)	0113-151	0113-First Semester	0113-Second Trimester	0113-Second Quarter	0113-05 (May)	0113-W22	0113-W-3	Weekday
1130731	1010101	1130101	1130701	1130501	1130601	1130701	1130731	0113-07-31	0101-01-01	0113-01-01	0113-07-01	0113-05-01	0113-06-01	0113-07-01	0113-07-31	1130731	2	113	2	2	3	7	31	212	31	5	1	-58583001600	0113-07-31	July 31st, 0113	31 JUL 0113	Second	0113-01-01	Second	Second	Third	July	212	31st	Fifth Monday	Monday	S2	T2	Q3	Jul	5th Mon	Mon	0113-S2	0113-T2	0113-Q3	0113-07 (Jul)	0113-212	0113-Second Semester	0113-Second Trimester	0113-Third Quarter	0113-07 (July)	0113-W31	0113-W-1	Weekday
1130831	1010101	1130101	1130701	1130501	1130601	1130801	1130828	0113-08-31	0101-01-01	0113-01-01	0113-07-01	0113-05-01	0113-06-01	0113-08-01	0113-08-28	1130831	2	113	2	2	3	8	35	243	31	5	4	-58580323200	0113-08-31	August 31st, 0113	31 AUG 0113	Second	0113-01-01	Second	Second	Third	August	243	31st	Fifth Thursday	Thursday	S2	T2	Q3	Aug	5th Thu	Thu	0113-S2	0113-T2	0113-Q3	0113-08 (Aug)	0113-243	0113-Second Semester	0113-Second Trimester	0113-Third Quarter	0113-08 (August)	0113-W35	0113-W-4	Weekday
1131031	1010101	1130101	1130701	1130901	1131001	1131001	1131030	0113-10-31	0101-01-01	0113-01-01	0113-07-01	0113-09-01	0113-10-01	0113-10-01	0113-10-30	1131031	2	113	2	3	4	10	44	304	31	5	2	-58575052800	0113-10-31	October 31st, 0113	31 OCT 0113	Second	0113-01-01	Second	Third	Forth	October	304	31st	Fifth Tuesday	Tuesday	S2	T2	Q4	Oct	5th Tue	Tue	0113-S2	0113-T2	0113-Q4	0113-10 (Oct)	0113-304	0113-Second Semester	0113-Third Trimester	0113-Forth Quarter	0113-10 (October)	0113-W44	0113-W-2	Weekday
1131231	1010101	1130101	1130701	1130901	1131001	1131201	1131225	0113-12-31	0101-01-01	0113-01-01	0113-07-01	0113-09-01	0113-10-01	0113-12-01	0113-12-25	1131231	2	113	2	3	4	12	52	365	31	5	7	-58569782400	0113-12-31	December 31st, 0113	31 DEC 0113	Second	0113-01-01	Second	Third	Forth	December	365	31st	Fifth Sunday	Sunday	S2	T2	Q4	Dec	5th Sun	Sun	0113-S2	0113-T2	0113-Q4	0113-12 (Dec)	0113-365	0113-Second Semester	0113-Third Trimester	0113-Forth Quarter	0113-12 (December)	0113-W52	0113-W-7	Weekend
